400	0.59100	2.41300	0.23770	0.03208
401	0.59800	2.41300	0.23730	0.03195
402	0.60500	2.41400	0.23690	0.03181
403	0.61200	2.41400	0.23650	0.03168
404	0.61900	2.41400	0.23600	0.03154
405	0.62600	2.41500	0.23560	0.03141
406	0.63300	2.41500	0.23520	0.03125
407	0.64000	2.41500	0.23480	0.03108
408	0.64700	2.41500	0.23440	0.03092
409	0.65400	2.41600	0.23400	0.03076
410	0.66100	2.41600	0.23360	0.03059
411	0.66800	2.41600	0.23320	0.03044
412	0.67500	2.41700	0.23280	0.03028
413	0.68200	2.41700	0.23240	0.03012
414	0.68900	2.41700	0.23200	0.02996
415	0.69600	2.41800	0.23160	0.02980
416	0.70300	2.41800	0.23120	0.02969
417	0.71000	2.41800	0.23080	0.02957
418	0.71700	2.41800	0.23040	0.02946
419	0.72400	2.41900	0.22990	0.02934
420	0.73100	2.41900	0.22950	0.02923
421	0.73760	2.41800	0.22900	0.02911
422	0.74420	2.41700	0.22840	0.02900
423	0.75080	2.41600	0.22780	0.02888
424	0.75740	2.41500	0.22720	0.02877
425	0.76400	2.41400	0.22670	0.02865
426	0.77060	2.41300	0.22630	0.02854
427	0.77720	2.41200	0.22590	0.02842
428	0.78380	2.41100	0.22540	0.02831
429	0.79040	2.41000	0.22500	0.02819
430	0.79700	2.41000	0.22460	0.02808
431	0.80360	2.40900	0.22430	0.02793
432	0.81020	2.40800	0.22400	0.02779
433	0.81680	2.40700	0.22370	0.02764
434	0.82340	2.40600	0.22340	0.02750
435	0.83000	2.40500	0.22310	0.02735
436	0.83660	2.40400	0.22280	0.02720
437	0.84320	2.40300	0.22240	0.02705
438	0.84980	2.40200	0.22210	0.02690
439	0.85640	2.40100	0.22180	0.02675
440	0.86300	2.40000	0.22150	0.02660
441	0.87430	2.41200	0.22150	0.02646
442	0.88560	2.42400	0.22150	0.02632
443	0.89690	2.43500	0.22150	0.02618
444	0.90820	2.44700	0.22150	0.02604
445	0.91950	2.45900	0.22140	0.02590
446	0.93080	2.47100	0.22150	0.02578
447	0.94210	2.48300	0.22150	0.02566
448	0.95340	2.49400	0.22160	0.02553
449	0.96470	2.50600	0.22170	0.02541
450	0.97600	2.51800	0.22170	0.02529
451	0.98730	2.53000	0.22180	0.02523
452	0.99860	2.54200	0.22190	0.02518
453	1.01000	2.55300	0.22190	0.02513
454	1.02100	2.56500	0.22200	0.02508
455	1.03300	2.57700	0.22210	0.02502
456	1.04400	2.58900	0.22220	0.02502
457	1.05500	2.60100	0.22240	0.02502
458	1.06600	2.61200	0.22250	0.02502
459	1.07800	2.62400	0.22270	0.02501
460	1.08900	2.63600	0.22280	0.02501
461	1.09400	2.63400	0.22300	0.02501
462	1.10000	2.63200	0.22310	0.02501
463	1.10500	2.63000	0.22330	0.02500
464	1.11000	2.62800	0.22340	0.02500
465	1.11600	2.62600	0.22360	0.02500
466	1.12100	2.62300	0.22380	0.02500
467	1.12600	2.62100	0.22400	0.02499
468	1.13100	2.61900	0.22410	0.02499
469	1.13700	2.61700	0.22430	0.02499
470	1.14200	2.61500	0.22450	0.02499
471	1.14700	2.61300	0.22470	0.02498
472	1.15300	2.61100	0.22490	0.02498
473	1.15800	2.60900	0.22510	0.02498
474	1.16300	2.60700	0.22530	0.02498
475	1.16900	2.60500	0.22560	0.02497
476	1.17400	2.60200	0.22580	0.02483
477	1.17900	2.60000	0.22600	0.02468
478	1.18400	2.59800	0.22620	0.02453
479	1.19000	2.59600	0.22640	0.02438
480	1.19500	2.59400	0.22660	0.02423
481	1.19400	2.57900	0.22690	0.02423
482	1.19400	2.56500	0.22710	0.02423
483	1.19300	2.55000	0.22730	0.02423
484	1.19200	2.53500	0.22760	0.02422
485	1.19100	2.52100	0.22780	0.02422
486	1.19100	2.50600	0.22800	0.02422
487	1.19000	2.49100	0.22830	0.02422
488	1.18900	2.47700	0.22850	0.02421
489	1.18800	2.46200	0.22870	0.02421
490	1.18800	2.44800	0.22890	0.02421
491	1.18700	2.43300	0.22930	0.02450
492	1.18600	2.41800	0.22970	0.02479
493	1.18500	2.40400	0.23020	0.02508
494	1.18500	2.38900	0.23060	0.02537
495	1.18400	2.37400	0.23100	0.02566
496	1.18300	2.36000	0.23140	0.02565
497	1.18200	2.34500	0.23190	0.02565
498	1.18200	2.33000	0.23240	0.02565
499	1.18100	2.31600	0.23290	0.02565
500	1.18000	2.30100	0.23330	0.02564
501	1.18000	2.29000	0.23400	0.02564
502	1.18100	2.27900	0.23460	0.02564
503	1.18100	2.26800	0.23530	0.02564
504	1.18100	2.25700	0.23590	0.02563
505	1.18200	2.24600	0.23660	0.02563
506	1.18200	2.23400	0.23710	0.02570
507	1.18200	2.22300	0.23760	0.02577
508	1.18200	2.21200	0.23810	0.02584
509	1.18300	2.20100	0.23870	0.02591
510	1.18300	2.19000	0.23920	0.02598
511	1.18300	2.17900	0.23960	0.02598
512	1.18400	2.16800	0.24000	0.02598
513	1.18400	2.15700	0.24050	0.02598
514	1.18400	2.14600	0.24090	0.02597
515	1.18500	2.13500	0.24130	0.02597
516	1.18500	2.12300	0.24180	0.02597
517	1.18500	2.11200	0.24220	0.02597
518	1.18500	2.10100	0.24270	0.02596
519	1.18600	2.09000	0.24310	0.02596
520	1.18600	2.07900	0.24360	0.02596
521	1.19100	2.07600	0.24410	0.02596
522	1.19500	2.07300	0.24460	0.02595
523	1.20000	2.07000	0.24520	0.02595
524	1.20400	2.06700	0.24570	0.02595
525	1.20900	2.06400	0.24620	0.02595
526	1.21300	2.06100	0.24670	0.02594
527	1.21800	2.05800	0.24720	0.02594
528	1.22200	2.05500	0.24770	0.02594
529	1.22700	2.05200	0.24820	0.02594
530	1.23100	2.04900	0.24870	0.02593
531	1.23600	2.04500	0.24920	0.02593
532	1.24000	2.04200	0.24970	0.02593
533	1.24500	2.03900	0.25020	0.02593
534	1.24900	2.03600	0.25070	0.02592
535	1.25400	2.03300	0.25120	0.02592
536	1.25800	2.03000	0.25170	0.02614
537	1.26300	2.02700	0.25220	0.02635
538	1.26700	2.02400	0.25270	0.02657
539	1.27200	2.02100	0.25320	0.02679
540	1.27600	2.01800	0.25370	0.02700
541	1.27800	2.01100	0.25420	0.02700
542	1.27900	2.00400	0.25460	0.02700
543	1.28100	1.99700	0.25510	0.02700
544	1.28200	1.99000	0.25560	0.02699
545	1.28400	1.98300	0.25610	0.02699
546	1.28500	1.97500	0.25660	0.02735
547	1.28700	1.96800	0.25710	0.02772
548	1.28800	1.96100	0.25760	0.02808
549	1.29000	1.95400	0.25820	0.02844
550	1.29100	1.94700	0.25870	0.02880
551	1.29300	1.94000	0.25920	0.02880
552	1.29400	1.93300	0.25980	0.02880
553	1.29600	1.92600	0.26030	0.02879
554	1.29700	1.91900	0.26090	0.02879
555	1.29900	1.91200	0.26140	0.02879
556	1.30000	1.90400	0.26200	0.02879
557	1.30200	1.89700	0.26260	0.02878
558	1.30300	1.89000	0.26310	0.02878
559	1.30500	1.88300	0.26370	0.02878
560	1.30600	1.87600	0.26420	0.02878
561	1.30900	1.87100	0.26470	0.02877
562	1.31200	1.86700	0.26510	0.02877
563	1.31400	1.86200	0.26550	0.02877
564	1.31700	1.85700	0.26590	0.02877
565	1.32000	1.85200	0.26640	0.02877
566	1.32300	1.84800	0.26670	0.02884
567	1.32500	1.84300	0.26710	0.02891
568	1.32800	1.83800	0.26750	0.02898
569	1.33100	1.83300	0.26790	0.02905
570	1.33400	1.82900	0.26830	0.02912
571	1.33600	1.82400	0.26860	0.02912
572	1.33900	1.81900	0.26900	0.02911
573	1.34200	1.81400	0.26940	0.02911
574	1.34500	1.81000	0.26980	0.02911
575	1.34700	1.80500	0.27020	0.02911
576	1.35000	1.80000	0.27070	0.02918
577	1.35300	1.79500	0.27120	0.02926
578	1.35600	1.79100	0.27170	0.02934
579	1.35800	1.78600	0.27220	0.02942
580	1.36100	1.78100	0.27270	0.02950
581	1.36100	1.77400	0.27320	0.02978
582	1.36000	1.76700	0.27370	0.03006
583	1.36000	1.76000	0.27420	0.03034
584	1.36000	1.75200	0.27470	0.03062
585	1.35900	1.74500	0.27520	0.03090
586	1.35900	1.73800	0.27570	0.03090
587	1.35900	1.73100	0.27620	0.03090
588	1.35800	1.72400	0.27670	0.03090
589	1.35800	1.71700	0.27720	0.03089
590	1.35800	1.71000	0.27770	0.03089
591	1.35700	1.70200	0.27820	0.03089
592	1.35700	1.69500	0.27870	0.03089
593	1.35600	1.68800	0.27920	0.03088
594	1.35600	1.68100	0.27970	0.03088
595	1.35600	1.67400	0.28020	0.03088
596	1.35500	1.66700	0.28070	0.03088
597	1.35500	1.65900	0.28120	0.03087
598	1.35500	1.65200	0.28180	0.03087
599	1.35400	1.64500	0.28230	0.03087
600	1.35400	1.63800	0.28280	0.03087
601	1.35600	1.63500	0.28330	0.03098
602	1.35700	1.63100	0.28380	0.03110
603	1.35900	1.62800	0.28440	0.03122
604	1.36000	1.62400	0.28490	0.03133
605	1.36200	1.62100	0.28550	0.03145
606	1.36300	1.61700	0.28610	0.03147
607	1.36500	1.61400	0.28660	0.03150
608	1.36600	1.61000	0.28720	0.03152
609	1.36800	1.60700	0.28780	0.03155
610	1.37000	1.60400	0.28840	0.03157
611	1.37100	1.60000	0.28900	0.03157
612	1.37300	1.59700	0.28960	0.03157
613	1.37400	1.59300	0.29020	0.03156
614	1.37600	1.59000	0.29080	0.03156
615	1.37700	1.58600	0.29130	0.03156
616	1.37900	1.58300	0.29190	0.03163
617	1.38000	1.57900	0.29240	0.03170
618	1.38200	1.57600	0.29290	0.03177
619	1.38300	1.57200	0.29340	0.03184
620	1.38500	1.56900	0.29390	0.03191
621	1.38500	1.56400	0.29440	0.03198
622	1.38500	1.56000	0.29500	0.03205
623	1.38500	1.55500	0.29550	0.03212
624	1.38600	1.55000	0.29600	0.03219
625	1.38600	1.54600	0.29650	0.03227
626	1.38600	1.54100	0.29700	0.03263
627	1.38600	1.53600	0.29750	0.03299
628	1.38600	1.53200	0.29800	0.03335
629	1.38600	1.52700	0.29850	0.03371
630	1.38700	1.52300	0.29900	0.03408
631	1.38700	1.51800	0.29950	0.03407
632	1.38700	1.51300	0.29990	0.03407
633	1.38700	1.50900	0.30040	0.03407
634	1.38700	1.50400	0.30080	0.03407
635	1.38700	1.49900	0.30130	0.03406
636	1.38700	1.49500	0.30170	0.03425
637	1.38800	1.49000	0.30220	0.03443
638	1.38800	1.48500	0.30260	0.03461
639	1.38800	1.48100	0.30300	0.03479
640	1.38800	1.47600	0.30350	0.03498
641	1.38700	1.47000	0.30390	0.03515
642	1.38600	1.46400	0.30440	0.03533
643	1.38400	1.45800	0.30480	0.03551
644	1.38300	1.45100	0.30530	0.03568
645	1.38200	1.44500	0.30570	0.03586
646	1.38100	1.43900	0.30620	0.03593
647	1.37900	1.43300	0.30660	0.03600
648	1.37800	1.42700	0.30710	0.03607
649	1.37700	1.42100	0.30750	0.03614
650	1.37600	1.41500	0.30800	0.03621
651	1.37400	1.40800	0.30860	0.03636
652	1.37300	1.40200	0.30920	0.03650
653	1.37200	1.39600	0.30970	0.03664
654	1.37100	1.39000	0.31030	0.03679
655	1.36900	1.38400	0.31090	0.03693
656	1.36800	1.37800	0.31170	0.03710
657	1.36700	1.37100	0.31250	0.03727
658	1.36600	1.36500	0.31330	0.03743
659	1.36400	1.35900	0.31410	0.03760
660	1.36300	1.35300	0.31490	0.03777
661	1.36400	1.35000	0.31560	0.03782
662	1.36500	1.34700	0.31620	0.03786
663	1.36600	1.34400	0.31690	0.03791
664	1.36700	1.34000	0.31760	0.03795
665	1.36800	1.33700	0.31820	0.03800
666	1.36800	1.33400	0.31880	0.03829
667	1.36900	1.33100	0.31930	0.03858
668	1.37000	1.32800	0.31990	0.03887
669	1.37100	1.32500	0.32040	0.03916
670	1.37200	1.32200	0.32100	0.03945
671	1.37300	1.31800	0.32160	0.03944
672	1.37400	1.31500	0.32210	0.03944
673	1.37500	1.31200	0.32270	0.03944
674	1.37600	1.30900	0.32320	0.03944
675	1.37700	1.30600	0.32380	0.03943
676	1.37700	1.30300	0.32440	0.03980
677	1.37800	1.29900	0.32500	0.04016
678	1.37900	1.29600	0.32570	0.04052
679	1.38000	1.29300	0.32630	0.04088
680	1.38100	1.29000	0.32690	0.04124
681	1.37500	1.28100	0.32750	0.04131
682	1.36800	1.27100	0.32810	0.04138
683	1.36200	1.26200	0.32880	0.04146
684	1.35500	1.25300	0.32940	0.04153
685	1.34900	1.24300	0.33000	0.04160
686	1.34300	1.23400	0.33040	0.04167
687	1.33600	1.22500	0.33090	0.04174
688	1.33000	1.21500	0.33130	0.04181
689	1.32300	1.20600	0.33170	0.04188
690	1.31700	1.19700	0.33220	0.04195
691	1.31100	1.18700	0.33250	0.04195
692	1.30400	1.17800	0.33280	0.04194
693	1.29800	1.16800	0.33320	0.04194
694	1.29100	1.15900	0.33350	0.04194
695	1.28500	1.15000	0.33380	0.04194
696	1.27900	1.14000	0.33410	0.04193
697	1.27200	1.13100	0.33450	0.04193
698	1.26600	1.12200	0.33480	0.04193
699	1.25900	1.11200	0.33510	0.04193
700	1.25300	1.10300	0.33550	0.04193
701	1.23600	1.08500	0.33610	0.04214
702	1.21900	1.06800	0.33670	0.04236
703	1.20100	1.05000	0.33730	0.04257
704	1.18400	1.03200	0.33790	0.04279
705	1.16700	1.01400	0.33850	0.04301
706	1.15000	0.99650	0.33920	0.04332
707	1.13300	0.97880	0.33980	0.04363
708	1.11500	0.96100	0.34050	0.04394
709	1.09800	0.94330	0.34120	0.04426
710	1.08100	0.92550	0.34180	0.04457
711	1.06400	0.90780	0.34240	0.04462
712	1.04700	0.89000	0.34290	0.04466
713	1.02900	0.87230	0.34340	0.04471
714	1.01200	0.85450	0.34390	0.04476
715	0.99500	0.83680	0.34440	0.04480
716	0.97780	0.81900	0.34490	0.04495
717	0.96060	0.80130	0.34540	0.04509
718	0.94340	0.78350	0.34590	0.04523
719	0.92620	0.76580	0.34640	0.04538
720	0.90900	0.74800	0.34690	0.04552
721	0.92480	0.75790	0.34760	0.04566
722	0.94050	0.76770	0.34830	0.04581
723	0.95630	0.77760	0.34900	0.04595
724	0.97200	0.78740	0.34970	0.04609
725	0.98780	0.79730	0.35040	0.04624
726	1.00400	0.80710	0.35120	0.04653
727	1.01900	0.81700	0.35200	0.04682
728	1.03500	0.82680	0.35290	0.04711
729	1.05100	0.83670	0.35370	0.04739
730	1.06700	0.84650	0.35450	0.04768
731	1.08200	0.85640	0.35490	0.04805
732	1.09800	0.86620	0.35530	0.04841
733	1.11400	0.87610	0.35570	0.04877
734	1.13000	0.88590	0.35600	0.04913
735	1.14500	0.89580	0.35640	0.04949
736	1.16100	0.90560	0.35680	0.04971
737	1.17700	0.91550	0.35720	0.04993
738	1.19300	0.92530	0.35750	0.05014
739	1.20800	0.93520	0.35790	0.05036
740	1.22400	0.94500	0.35830	0.05058
741	1.18200	0.91140	0.35870	0.05073
742	1.13900	0.87770	0.35910	0.05089
743	1.09700	0.84410	0.35950	0.05105
744	1.05400	0.81040	0.36000	0.05121
745	1.01200	0.77680	0.36040	0.05136
746	0.96930	0.74310	0.36090	0.05156
747	0.92690	0.70950	0.36150	0.05175
748	0.88440	0.67580	0.36210	0.05195
749	0.84200	0.64220	0.36260	0.05214
750	0.79950	0.60850	0.36320	0.05233
751	0.75710	0.57490	0.36370	0.05253
752	0.71460	0.54120	0.36430	0.05272
753	0.67220	0.50760	0.36490	0.05292
754	0.62970	0.47390	0.36540	0.05311
755	0.58730	0.44030	0.36600	0.05330
756	0.54480	0.40660	0.36670	0.05355
757	0.50240	0.37300	0.36740	0.05380
758	0.45990	0.33930	0.36810	0.05404
759	0.41750	0.30570	0.36880	0.05429
760	0.37500	0.27200	0.36950	0.05454
761	0.41850	0.30150	0.37000	0.05461
762	0.46190	0.33100	0.37050	0.05468
763	0.50540	0.36050	0.37100	0.05475
764	0.54880	0.39000	0.37150	0.05482
765	0.59230	0.41950	0.37190	0.05489
766	0.63570	0.44900	0.37220	0.05489
767	0.67920	0.47850	0.37250	0.05488
768	0.72260	0.50800	0.37280	0.05488
769	0.76610	0.53750	0.37310	0.05488
770	0.80950	0.56700	0.37330	0.05488
771	0.85300	0.59650	0.37360	0.05490
772	0.89640	0.62600	0.37390	0.05493
773	0.93990	0.65550	0.37420	0.05496
774	0.98330	0.68500	0.37450	0.05498
775	1.02700	0.71450	0.37470	0.05501
776	1.07000	0.74400	0.37520	0.05549
777	1.11400	0.77350	0.37580	0.05597
778	1.15700	0.80300	0.37630	0.05645
779	1.20100	0.83250	0.37680	0.05692
780	1.24400	0.86200	0.37730	0.05740
781	1.24200	0.85860	0.37780	0.05753
782	1.24000	0.85520	0.37830	0.05766
783	1.23800	0.85180	0.37890	0.05778
784	1.23500	0.84840	0.37940	0.05791
785	1.23300	0.84500	0.37990	0.05804
786	1.23100	0.84160	0.38040	0.05813
787	1.22900	0.83820	0.38080	0.05821
788	1.22700	0.83480	0.38130	0.05830
789	1.22500	0.83140	0.38170	0.05839
790	1.22300	0.82800	0.38220	0.05847
791	1.22000	0.82460	0.38250	0.05884
792	1.21800	0.82120	0.38290	0.05920
793	1.21600	0.81780	0.38320	0.05956
794	1.21400	0.81440	0.38360	0.05992
795	1.21200	0.81100	0.38390	0.06028
796	1.21000	0.80760	0.38430	0.06028
797	1.20700	0.80420	0.38460	0.06028
798	1.20500	0.80080	0.38500	0.06028
799	1.20300	0.79740	0.38530	0.06027
800	1.20100	0.79400	0.38570	0.06027
801	1.18800	0.78400	0.38620	0.06063
802	1.17400	0.77390	0.38660	0.06100
803	1.16100	0.76390	0.38710	0.06136
804	1.14700	0.75380	0.38760	0.06172
805	1.13400	0.74380	0.38810	0.06208
806	1.12100	0.73370	0.38860	0.06223
807	1.10700	0.72370	0.38910	0.06237
808	1.09400	0.71360	0.38960	0.06251
809	1.08000	0.70360	0.39010	0.06266
810	1.06700	0.69350	0.39060	0.06280
811	1.05400	0.68350	0.39110	0.06280
812	1.04000	0.67340	0.39170	0.06279
813	1.02700	0.66340	0.39220	0.06279
814	1.01300	0.65330	0.39280	0.06279
815	1.00000	0.64330	0.39330	0.06279
816	0.98660	0.63320	0.39390	0.06300
817	0.97320	0.62320	0.39440	0.06322
818	0.95980	0.61310	0.39500	0.06344
819	0.94640	0.60310	0.39550	0.06365
820	0.93300	0.59300	0.39610	0.06387
821	0.94160	0.59720	0.39660	0.06433
822	0.95020	0.60130	0.39710	0.06479
823	0.95880	0.60550	0.39760	0.06525
824	0.96740	0.60960	0.39810	0.06571
825	0.97600	0.61380	0.39870	0.06616
826	0.98460	0.61790	0.39910	0.06643
827	0.99320	0.62210	0.39950	0.06669
828	1.00200	0.62620	0.39990	0.06696
829	1.01000	0.63040	0.40030	0.06722
830	1.01900	0.63450	0.40070	0.06749
831	1.02800	0.63870	0.40100	0.06749
832	1.03600	0.64280	0.40130	0.06748
833	1.04500	0.64700	0.40150	0.06748
834	1.05300	0.65110	0.40180	0.06748
835	1.06200	0.65530	0.40210	0.06748
836	1.07100	0.65940	0.40230	0.06747
837	1.07900	0.66360	0.40260	0.06747
838	1.08800	0.66770	0.40280	0.06747
839	1.09600	0.67190	0.40310	0.06747
840	1.10500	0.67600	0.40340	0.06747
841	1.10500	0.67520	0.40380	0.06776
842	1.10600	0.67440	0.40430	0.06806
843	1.10600	0.67360	0.40470	0.06836
844	1.10700	0.67280	0.40520	0.06866
845	1.10700	0.67200	0.40560	0.06896
846	1.10800	0.67120	0.40610	0.06938
847	1.10800	0.67040	0.40660	0.06981
848	1.10900	0.66960	0.40700	0.07023
849	1.10900	0.66880	0.40750	0.07066
850	1.11000	0.66800	0.40790	0.07109
851	1.11000	0.66720	0.40820	0.07108
852	1.11000	0.66640	0.40850	0.07108
853	1.11100	0.66560	0.40880	0.07108
854	1.11100	0.66480	0.40910	0.07108
855	1.11200	0.66400	0.40940	0.07107
856	1.11200	0.66320	0.40970	0.07107
857	1.11300	0.66240	0.40990	0.07107
858	1.11300	0.66160	0.41020	0.07107
859	1.11400	0.66080	0.41040	0.07106
860	1.11400	0.66000	0.41070	0.07106
861	1.11400	0.65800	0.41100	0.07113
862	1.11300	0.65600	0.41130	0.07119
863	1.11300	0.65400	0.41160	0.07126
864	1.11200	0.65200	0.41190	0.07132
865	1.11200	0.65000	0.41220	0.07139
866	1.11100	0.64800	0.41280	0.07197
867	1.11100	0.64600	0.41340	0.07256
868	1.11000	0.64400	0.41390	0.07315
869	1.11000	0.64200	0.41450	0.07373
870	1.10900	0.64000	0.41500	0.07432
871	1.10900	0.63800	0.41550	0.07432
872	1.10800	0.63600	0.41600	0.07431
873	1.10800	0.63400	0.41650	0.07431
874	1.10700	0.63200	0.41700	0.07431
875	1.10700	0.63000	0.41750	0.07431
876	1.10600	0.62800	0.41780	0.07445
877	1.10600	0.62600	0.41820	0.07459
878	1.10500	0.62400	0.41850	0.07474
879	1.10500	0.62200	0.41890	0.07488
880	1.10400	0.62000	0.41930	0.07502
881	1.08700	0.60940	0.41960	0.07521
882	1.07000	0.59880	0.42000	0.07539
883	1.05300	0.58820	0.42040	0.07558
884	1.03600	0.57760	0.42070	0.07576
885	1.01900	0.56700	0.42110	0.07595
886	1.00200	0.55640	0.42140	0.07614
887	0.98500	0.54580	0.42170	0.07632
888	0.96800	0.53520	0.42210	0.07651
889	0.95100	0.52460	0.42240	0.07670
890	0.93400	0.51400	0.42270	0.07689
891	0.91700	0.50340	0.42300	0.07717
892	0.90000	0.49280	0.42320	0.07745
893	0.88300	0.48220	0.42350	0.07772
894	0.86600	0.47160	0.42370	0.07800
895	0.84900	0.46100	0.42400	0.07828
896	0.83200	0.45040	0.42420	0.07848
897	0.81500	0.43980	0.42450	0.07867
898	0.79800	0.42920	0.42470	0.07887
899	0.78100	0.41860	0.42500	0.07907
900	0.76400	0.40800	0.42520	0.07927
901	0.77580	0.41300	0.42550	0.07943
902	0.78760	0.41790	0.42580	0.07959
903	0.79940	0.42290	0.42610	0.07975
904	0.81120	0.42780	0.42640	0.07991
905	0.82300	0.43280	0.42670	0.08007
906	0.83480	0.43770	0.42700	0.08006
907	0.84660	0.44270	0.42740	0.08006
908	0.85840	0.44760	0.42770	0.08006
909	0.87020	0.45260	0.42810	0.08006
910	0.88200	0.45750	0.42840	0.08005
911	0.89380	0.46250	0.42880	0.08022
912	0.90560	0.46740	0.42910	0.08039
913	0.91740	0.47240	0.42950	0.08056
914	0.92920	0.47730	0.42980	0.08073
915	0.94100	0.48230	0.43020	0.08090
916	0.95280	0.48720	0.43060	0.08120
917	0.96460	0.49220	0.43110	0.08151
918	0.97640	0.49710	0.43150	0.08181
919	0.98820	0.50210	0.43190	0.08212
920	1.00000	0.50700	0.43240	0.08243
921	0.97710	0.49480	0.43280	0.08272
922	0.95420	0.48260	0.43330	0.08301
923	0.93130	0.47040	0.43370	0.08330
924	0.90840	0.45820	0.43420	0.08359
925	0.88550	0.44600	0.43460	0.08389
926	0.86260	0.43380	0.43510	0.08404
927	0.83970	0.42160	0.43550	0.08419
928	0.81680	0.40940	0.43590	0.08434
929	0.79390	0.39720	0.43640	0.08449
930	0.77100	0.38500	0.43680	0.08464
931	0.74810	0.37280	0.43700	0.08495
932	0.72520	0.36060	0.43730	0.08526
933	0.70230	0.34840	0.43760	0.08557
934	0.67940	0.33620	0.43780	0.08588
935	0.65650	0.32400	0.43810	0.08619
936	0.63360	0.31180	0.43840	0.08636
937	0.61070	0.29960	0.43860	0.08653
938	0.58780	0.28740	0.43890	0.08670
939	0.56490	0.27520	0.43920	0.08686
940	0.54200	0.26300	0.43940	0.08703
941	0.54120	0.26210	0.43970	0.08737
942	0.54030	0.26110	0.44000	0.08771
943	0.53950	0.26020	0.44030	0.08804
944	0.53860	0.25920	0.44060	0.08838
945	0.53780	0.25830	0.44090	0.08872
946	0.53690	0.25730	0.44120	0.08882
947	0.53610	0.25640	0.44150	0.08893
948	0.53520	0.25540	0.44180	0.08904
949	0.53440	0.25450	0.44210	0.08914
950	0.53350	0.25350	0.44240	0.08925
951	0.53270	0.25260	0.44270	0.08947
952	0.53180	0.25160	0.44300	0.08969
953	0.53100	0.25070	0.44330	0.08991
954	0.53010	0.24970	0.44360	0.09013
955	0.52930	0.24880	0.44380	0.09035
956	0.52840	0.24780	0.44390	0.09058
957	0.52760	0.24690	0.44400	0.09081
958	0.52670	0.24590	0.44410	0.09104
959	0.52590	0.24500	0.44410	0.09127
960	0.52500	0.24400	0.44420	0.09151
961	0.53620	0.24840	0.44430	0.09189
962	0.54740	0.25280	0.44440	0.09227
963	0.55860	0.25720	0.44450	0.09265
964	0.56980	0.26160	0.44460	0.09303
965	0.58100	0.26600	0.44470	0.09341
966	0.59220	0.27040	0.44500	0.09355
967	0.60340	0.27480	0.44530	0.09369
968	0.61460	0.27920	0.44560	0.09384
969	0.62580	0.28360	0.44590	0.09398
970	0.63700	0.28800	0.44620	0.09412
971	0.64820	0.29240	0.44650	0.09437
972	0.65940	0.29680	0.44680	0.09461
973	0.67060	0.30120	0.44710	0.09485
974	0.68180	0.30560	0.44740	0.09509
975	0.69300	0.31000	0.44770	0.09534
976	0.70420	0.31440	0.44790	0.09540
977	0.71540	0.31880	0.44820	0.09546
978	0.72660	0.32320	0.44850	0.09552
979	0.73780	0.32760	0.44870	0.09558
980	0.74900	0.33200	0.44900	0.09564
981	0.75640	0.33440	0.44920	0.09569
982	0.76380	0.33680	0.44950	0.09575
983	0.77120	0.33920	0.44970	0.09580
984	0.77860	0.34160	0.45000	0.09586
985	0.78600	0.34400	0.45020	0.09591
986	0.79340	0.34640	0.45060	0.09617
987	0.80080	0.34880	0.45090	0.09643
988	0.80820	0.35120	0.45130	0.09669
989	0.81560	0.35360	0.45160	0.09695
990	0.82300	0.35600	0.45200	0.09722
991	0.83040	0.35840	0.45250	0.09797
992	0.83780	0.36080	0.45300	0.09872
993	0.84520	0.36320	0.45350	0.09947
994	0.85260	0.36560	0.45400	0.10020
995	0.86000	0.36800	0.45450	0.10100
996	0.86740	0.37040	0.45490	0.10100
997	0.87480	0.37280	0.45530	0.10100
998	0.88220	0.37520	0.45570	0.10100
999	0.88960	0.37760	0.45610	0.10100
1000	0.89700	0.38000	0.45650	0.10100
1001	0.89520	0.37860	0.45680	0.10100
1002	0.89330	0.37710	0.45710	0.10110
1003	0.89150	0.37570	0.45730	0.10110
1004	0.88960	0.37420	0.45760	0.10120
1005	0.88780	0.37280	0.45790	0.10120
1006	0.88590	0.37130	0.45790	0.10150
1007	0.88410	0.36990	0.45800	0.10170
1008	0.88220	0.36840	0.45800	0.10190
1009	0.88040	0.36700	0.45800	0.10220
1010	0.87850	0.36550	0.45810	0.10240
1011	0.87670	0.36410	0.45820	0.10260
1012	0.87480	0.36260	0.45830	0.10280
1013	0.87300	0.36120	0.45840	0.10310
1014	0.87110	0.35970	0.45850	0.10330
1015	0.86930	0.35830	0.45860	0.10350
1016	0.86740	0.35680	0.45890	0.10350
1017	0.86560	0.35540	0.45910	0.10350
1018	0.86370	0.35390	0.45940	0.10350
1019	0.86190	0.35250	0.45970	0.10350
1020	0.86000	0.35100	0.45990	0.10350
1021	0.85880	0.34990	0.46020	0.10350
1022	0.85750	0.34870	0.46040	0.10350
1023	0.85630	0.34760	0.46060	0.10350
1024	0.85500	0.34640	0.46080	0.10350
1025	0.85380	0.34530	0.46110	0.10350
1026	0.85250	0.34410	0.46130	0.10420
1027	0.85130	0.34300	0.46140	0.10490
1028	0.85000	0.34180	0.46160	0.10560
1029	0.84880	0.34070	0.46180	0.10630
1030	0.84750	0.33950	0.46200	0.10700
1031	0.84630	0.33840	0.46220	0.10750
1032	0.84500	0.33720	0.46230	0.10800
1033	0.84380	0.33610	0.46250	0.10860
1034	0.84250	0.33490	0.46270	0.10910
1035	0.84130	0.33380	0.46280	0.10960
1036	0.84000	0.33260	0.46280	0.10960
1037	0.83880	0.33150	0.46270	0.10960
1038	0.83750	0.33030	0.46270	0.10960
1039	0.83630	0.32920	0.46270	0.10960
1040	0.83500	0.32800	0.46260	0.10960
1041	0.83330	0.32680	0.46260	0.10960
1042	0.83160	0.32560	0.46260	0.10960
1043	0.82990	0.32440	0.46250	0.10960
1044	0.82820	0.32320	0.46250	0.10960
1045	0.82650	0.32200	0.46250	0.10960
1046	0.82480	0.32080	0.46250	0.10960
1047	0.82310	0.31960	0.46260	0.10960
1048	0.82140	0.31840	0.46260	0.10960
1049	0.81970	0.31720	0.46270	0.10960
1050	0.81800	0.31600	0.46280	0.10960
1051	0.81630	0.31480	0.46280	0.10970
1052	0.81460	0.31360	0.46290	0.10990
1053	0.81290	0.31240	0.46300	0.11000
1054	0.81120	0.31120	0.46310	0.11020
1055	0.80950	0.31000	0.46310	0.11030
1056	0.80780	0.30880	0.46320	0.11050
1057	0.80610	0.30760	0.46330	0.11080
1058	0.80440	0.30640	0.46340	0.11100
1059	0.80270	0.30520	0.46350	0.11120
1060	0.80100	0.30400	0.46360	0.11140
1061	0.79770	0.30230	0.46400	0.11180
1062	0.79440	0.30060	0.46450	0.11210
1063	0.79110	0.29890	0.46490	0.11250
1064	0.78780	0.29720	0.46530	0.11290
1065	0.78450	0.29550	0.46580	0.11320
1066	0.78120	0.29380	0.46610	0.11320
1067	0.77790	0.29210	0.46640	0.11320
1068	0.77460	0.29040	0.46670	0.11320
1069	0.77130	0.28870	0.46700	0.11320
1070	0.76800	0.28700	0.46730	0.11320
1071	0.76470	0.28530	0.46730	0.11350
1072	0.76140	0.28360	0.46740	0.11380
1073	0.75810	0.28190	0.46750	0.11410
1074	0.75480	0.28020	0.46760	0.11440
1075	0.75150	0.27850	0.46770	0.11460
1076	0.74820	0.27680	0.46770	0.11480
1077	0.74490	0.27510	0.46780	0.11500
1078	0.74160	0.27340	0.46790	0.11520
1079	0.73830	0.27170	0.46800	0.11540
1080	0.73500	0.27000	0.46810	0.11560
1081	0.73260	0.26870	0.46820	0.11580
1082	0.73020	0.26740	0.46840	0.11600
1083	0.72780	0.26610	0.46850	0.11620
1084	0.72540	0.26480	0.46870	0.11630
1085	0.72300	0.26350	0.46880	0.11650
1086	0.72060	0.26220	0.46900	0.11680
1087	0.71820	0.26090	0.46920	0.11710
1088	0.71580	0.25960	0.46940	0.11740
1089	0.71340	0.25830	0.46960	0.11760
1090	0.71100	0.25700	0.46980	0.11790
1091	0.70860	0.25570	0.47010	0.11820
1092	0.70620	0.25440	0.47040	0.11840
1093	0.70380	0.25310	0.47080	0.11860
1094	0.70140	0.25180	0.47110	0.11880
1095	0.69900	0.25050	0.47140	0.11910
1096	0.69660	0.24920	0.47150	0.11910
1097	0.69420	0.24790	0.47160	0.11920
1098	0.69180	0.24660	0.47160	0.11930
1099	0.68940	0.24530	0.47170	0.11940
1100	0.68700	0.24400	0.47180	0.11950
1101	0.66340	0.23560	0.47170	0.11960
1102	0.63970	0.22710	0.47170	0.11970
1103	0.61610	0.21870	0.47160	0.11990
1104	0.59240	0.21020	0.47160	0.12000
1105	0.56880	0.20180	0.47150	0.12020
1106	0.54510	0.19330	0.47180	0.12040
1107	0.52150	0.18490	0.47200	0.12060
1108	0.49780	0.17640	0.47230	0.12090
1109	0.47420	0.16800	0.47250	0.12110
1110	0.45050	0.15950	0.47280	0.12130
1111	0.42690	0.15110	0.47310	0.12150
1112	0.40320	0.14260	0.47330	0.12170
1113	0.37960	0.13420	0.47360	0.12180
1114	0.35590	0.12570	0.47390	0.12200
1115	0.33230	0.11730	0.47420	0.12210
1116	0.30860	0.10880	0.47430	0.12230
1117	0.28500	0.10040	0.47450	0.12250
1118	0.26130	0.09190	0.47460	0.12260
1119	0.23770	0.08345	0.47480	0.12280
1120	0.21400	0.07500	0.47490	0.12290
1121	0.22310	0.07790	0.47490	0.12310
1122	0.23210	0.08080	0.47490	0.12330
1123	0.24120	0.08370	0.47490	0.12340
1124	0.25020	0.08660	0.47490	0.12360
1125	0.25930	0.08950	0.47490	0.12380
1126	0.26830	0.09240	0.47490	0.12400
1127	0.27740	0.09530	0.47490	0.12410
1128	0.28640	0.09820	0.47490	0.12430
1129	0.29550	0.10110	0.47490	0.12450
1130	0.30450	0.10400	0.47490	0.12460
1131	0.31360	0.10690	0.47510	0.12480
1132	0.32260	0.10980	0.47530	0.12500
1133	0.33170	0.11270	0.47550	0.12520
1134	0.34070	0.11560	0.47570	0.12530
1135	0.34980	0.11850	0.47590	0.12550
1136	0.35880	0.12140	0.47610	0.12570
1137	0.36790	0.12430	0.47640	0.12590
1138	0.37690	0.12720	0.47660	0.12610
1139	0.38600	0.13010	0.47680	0.12630
1140	0.39500	0.13300	0.47700	0.12650
1141	0.39500	0.13280	0.47730	0.12670
1142	0.39490	0.13260	0.47750	0.12680
1143	0.39490	0.13240	0.47770	0.12690
1144	0.39480	0.13220	0.47790	0.12710
1145	0.39480	0.13200	0.47820	0.12720
1146	0.39470	0.13180	0.47840	0.12740
1147	0.39470	0.13160	0.47860	0.12750
1148	0.39460	0.13140	0.47880	0.12770
1149	0.39460	0.13120	0.47910	0.12780
1150	0.39450	0.13100	0.47930	0.12790
1151	0.39450	0.13080	0.47930	0.12810
1152	0.39440	0.13060	0.47940	0.12820
1153	0.39440	0.13040	0.47940	0.12840
1154	0.39430	0.13020	0.47950	0.12850
1155	0.39430	0.13000	0.47960	0.12870
1156	0.39420	0.12980	0.47950	0.12880
1157	0.39420	0.12960	0.47950	0.12900
1158	0.39410	0.12940	0.47950	0.12910
1159	0.39410	0.12920	0.47950	0.12930
1160	0.39400	0.12900	0.47950	0.12940
1161	0.40200	0.13140	0.47990	0.12960
1162	0.40990	0.13370	0.48020	0.12970
1163	0.41790	0.13610	0.48050	0.12990
1164	0.42580	0.13840	0.48080	0.13000
1165	0.43380	0.14080	0.48110	0.13020
1166	0.44170	0.14310	0.48110	0.13030
1167	0.44970	0.14550	0.48110	0.13040
1168	0.45760	0.14780	0.48110	0.13060
1169	0.46560	0.15020	0.48110	0.13070
1170	0.47350	0.15250	0.48110	0.13090
1171	0.48150	0.15490	0.48130	0.13100
1172	0.48940	0.15720	0.48150	0.13120
1173	0.49740	0.15960	0.48160	0.13140
1174	0.50530	0.16190	0.48180	0.13160
1175	0.51330	0.16430	0.48200	0.13180
1176	0.52120	0.16660	0.48250	0.13200
1177	0.52920	0.16900	0.48290	0.13220
1178	0.53710	0.17130	0.48330	0.13230
1179	0.54510	0.17370	0.48380	0.13250
1180	0.55300	0.17600	0.48420	0.13270
1181	0.55260	0.17570	0.48450	0.13290
1182	0.55220	0.17540	0.48470	0.13310
1183	0.55180	0.17510	0.48500	0.13340
1184	0.55140	0.17480	0.48520	0.13360
1185	0.55100	0.17450	0.48550	0.13380
1186	0.55060	0.17420	0.48570	0.13400
1187	0.55020	0.17390	0.48580	0.13430
1188	0.54980	0.17360	0.48600	0.13460
1189	0.54940	0.17330	0.48620	0.13480
1190	0.54900	0.17300	0.48640	0.13510
1191	0.54860	0.17270	0.48630	0.13520
1192	0.54820	0.17240	0.48630	0.13530
1193	0.54780	0.17210	0.48630	0.13530
1194	0.54740	0.17180	0.48630	0.13540
1195	0.54700	0.17150	0.48630	0.13550
1196	0.54660	0.17120	0.48630	0.13580
1197	0.54620	0.17090	0.48640	0.13610
1198	0.54580	0.17060	0.48640	0.13640
1199	0.54540	0.17030	0.48640	0.13670
1200	0.54500	0.17000	0.48640	0.13690
1201	0.54770	0.17070	0.48660	0.13710
1202	0.55040	0.17130	0.48680	0.13730
1203	0.55310	0.17200	0.48700	0.13740
1204	0.55580	0.17260	0.48720	0.13760
1205	0.55850	0.17330	0.48740	0.13770
1206	0.56120	0.17390	0.48750	0.13830
1207	0.56390	0.17460	0.48750	0.13880
1208	0.56660	0.17520	0.48760	0.13940
1209	0.56930	0.17590	0.48770	0.13990
1210	0.57200	0.17650	0.48770	0.14050
1211	0.57470	0.17720	0.48780	0.14070
1212	0.57740	0.17780	0.48780	0.14090
1213	0.58010	0.17850	0.48780	0.14110
1214	0.58280	0.17910	0.48780	0.14120
1215	0.58550	0.17980	0.48790	0.14140
1216	0.58820	0.18040	0.48810	0.14150
1217	0.59090	0.18110	0.48840	0.14150
1218	0.59360	0.18170	0.48870	0.14150
1219	0.59630	0.18240	0.48890	0.14160
1220	0.59900	0.18300	0.48920	0.14160
1221	0.59840	0.18260	0.48930	0.14200
1222	0.59780	0.18220	0.48930	0.14230
1223	0.59720	0.18180	0.48940	0.14270
1224	0.59660	0.18140	0.48950	0.14310
1225	0.59600	0.18100	0.48960	0.14340
1226	0.59540	0.18060	0.48970	0.14380
1227	0.59480	0.18020	0.48970	0.14420
1228	0.59420	0.17980	0.48980	0.14450
1229	0.59360	0.17940	0.48990	0.14490
1230	0.59300	0.17900	0.49000	0.14530
1231	0.59240	0.17860	0.49010	0.14530
1232	0.59180	0.17820	0.49020	0.14520
1233	0.59120	0.17780	0.49030	0.14520
1234	0.59060	0.17740	0.49040	0.14520
1235	0.59000	0.17700	0.49050	0.14520
1236	0.58940	0.17660	0.49070	0.14530
1237	0.58880	0.17620	0.49090	0.14540
1238	0.58820	0.17580	0.49120	0.14550
1239	0.58760	0.17540	0.49140	0.14550
1240	0.58700	0.17500	0.49160	0.14560
1241	0.58480	0.17420	0.49190	0.14560
1242	0.58250	0.17340	0.49210	0.14560
1243	0.58030	0.17260	0.49240	0.14560
1244	0.57800	0.17180	0.49260	0.14560
1245	0.57580	0.17100	0.49290	0.14560
1246	0.57350	0.17020	0.49290	0.14580
1247	0.57130	0.16940	0.49290	0.14600
1248	0.56900	0.16860	0.49300	0.14620
1249	0.56680	0.16780	0.49300	0.14640
1250	0.56450	0.16700	0.49300	0.14670
1251	0.56230	0.16620	0.49290	0.14690
1252	0.56000	0.16540	0.49280	0.14710
1253	0.55780	0.16460	0.49270	0.14740
1254	0.55550	0.16380	0.49260	0.14760
1255	0.55330	0.16300	0.49240	0.14780
1256	0.55100	0.16220	0.49260	0.14790
1257	0.54880	0.16140	0.49280	0.14790
1258	0.54650	0.16060	0.49300	0.14800
1259	0.54430	0.15980	0.49320	0.14800
1260	0.54200	0.15900	0.49340	0.14810
1261	0.54060	0.15850	0.49350	0.14810
1262	0.53920	0.15790	0.49360	0.14810
1263	0.53780	0.15740	0.49370	0.14810
1264	0.53640	0.15680	0.49380	0.14810
1265	0.53500	0.15630	0.49390	0.14810
1266	0.53360	0.15570	0.49390	0.14810
1267	0.53220	0.15520	0.49400	0.14810
1268	0.53080	0.15460	0.49400	0.14810
1269	0.52940	0.15410	0.49410	0.14810
1270	0.52800	0.15350	0.49410	0.14810
1271	0.52660	0.15300	0.49420	0.14830
1272	0.52520	0.15240	0.49430	0.14850
1273	0.52380	0.15190	0.49450	0.14870
1274	0.52240	0.15130	0.49460	0.14890
1275	0.52100	0.15080	0.49470	0.14910
1276	0.51960	0.15020	0.49480	0.14920
1277	0.51820	0.14970	0.49500	0.14930
1278	0.51680	0.14910	0.49510	0.14940
1279	0.51540	0.14860	0.49530	0.14940
1280	0.51400	0.14800	0.49540	0.14950
1281	0.51140	0.14720	0.49570	0.14990
1282	0.50880	0.14630	0.49590	0.15020
1283	0.50620	0.14550	0.49620	0.15060
1284	0.50360	0.14460	0.49650	0.15100
1285	0.50100	0.14380	0.49670	0.15130
1286	0.49840	0.14290	0.49690	0.15130
1287	0.49580	0.14210	0.49720	0.15130
1288	0.49320	0.14120	0.49740	0.15130
1289	0.49060	0.14040	0.49760	0.15130
1290	0.48800	0.13950	0.49790	0.15130
1291	0.48540	0.13870	0.49800	0.15130
1292	0.48280	0.13780	0.49820	0.15130
1293	0.48020	0.13700	0.49840	0.15130
1294	0.47760	0.13610	0.49860	0.15130
1295	0.47500	0.13530	0.49880	0.15130
1296	0.47240	0.13440	0.49870	0.15170
1297	0.46980	0.13360	0.49870	0.15210
1298	0.46720	0.13270	0.49870	0.15250
1299	0.46460	0.13190	0.49870	0.15290
1300	0.46200	0.13100	0.49870	0.15330
1301	0.45530	0.12910	0.49870	0.15330
1302	0.44850	0.12710	0.49870	0.15330
1303	0.44180	0.12520	0.49870	0.15340
1304	0.43500	0.12320	0.49870	0.15340
1305	0.42830	0.12130	0.49870	0.15350
1306	0.42150	0.11930	0.49870	0.15350
1307	0.41480	0.11740	0.49870	0.15350
1308	0.40800	0.11540	0.49870	0.15340
1309	0.40130	0.11350	0.49870	0.15340
1310	0.39450	0.11150	0.49870	0.15340
1311	0.38780	0.10960	0.49870	0.15340
1312	0.38100	0.10760	0.49870	0.15340
1313	0.37430	0.10570	0.49870	0.15340
1314	0.36750	0.10370	0.49870	0.15340
1315	0.36080	0.10180	0.49870	0.15340
1316	0.35400	0.09980	0.49870	0.15340
1317	0.34730	0.09785	0.49870	0.15340
1318	0.34050	0.09590	0.49870	0.15340
1319	0.33380	0.09395	0.49870	0.15340
1320	0.32700	0.09200	0.49870	0.15340
1321	0.32390	0.09110	0.49870	0.15340
1322	0.32070	0.09020	0.49870	0.15340
1323	0.31760	0.08930	0.49870	0.15340
1324	0.31440	0.08840	0.49870	0.15340
1325	0.31130	0.08750	0.49870	0.15340
1326	0.30810	0.08660	0.49860	0.15340
1327	0.30500	0.08570	0.49860	0.15340
1328	0.30180	0.08480	0.49860	0.15340
1329	0.29870	0.08390	0.49860	0.15340
1330	0.29550	0.08300	0.49860	0.15340
1331	0.29240	0.08210	0.49870	0.15340
1332	0.28920	0.08120	0.49870	0.15340
1333	0.28610	0.08030	0.49870	0.15340
1334	0.28290	0.07940	0.49870	0.15340
1335	0.27980	0.07850	0.49870	0.15340
1336	0.27660	0.07760	0.49890	0.15320
1337	0.27350	0.07670	0.49900	0.15310
1338	0.27030	0.07580	0.49910	0.15290
1339	0.26720	0.07490	0.49930	0.15270
1340	0.26400	0.07400	0.49940	0.15260
1341	0.25120	0.07040	0.49960	0.15230
1342	0.23830	0.06680	0.49970	0.15200
1343	0.22550	0.06320	0.49990	0.15170
1344	0.21260	0.05960	0.50000	0.15150
1345	0.19980	0.05600	0.50020	0.15120
1346	0.18690	0.05240	0.50020	0.15100
1347	0.17410	0.04880	0.50030	0.15090
1348	0.16120	0.04520	0.50030	0.15070
1349	0.14840	0.04160	0.50030	0.15060
1350	0.13550	0.03800	0.50040	0.15040
1351	0.12270	0.03440	0.50040	0.15040
1352	0.10980	0.03080	0.50040	0.15040
1353	0.09695	0.02720	0.50040	0.15040
1354	0.08410	0.02360	0.50040	0.15040
1355	0.07125	0.02000	0.50040	0.15040
1356	0.05840	0.01640	0.50020	0.15000
1357	0.04555	0.01280	0.50000	0.14970
1358	0.03270	0.00920	0.49980	0.14930
1359	0.01985	0.00560	0.49960	0.14890
1360	0.00700	0.00200	0.49950	0.14860
1361	0.00680	0.00195	0.49930	0.14810
1362	0.00660	0.00190	0.49920	0.14760
1363	0.00640	0.00185	0.49910	0.14710
1364	0.00620	0.00180	0.49900	0.14660
1365	0.00600	0.00175	0.49890	0.14610
1366	0.00580	0.00170	0.49890	0.14540
1367	0.00560	0.00165	0.49890	0.14470
1368	0.00540	0.00160	0.49890	0.14400
1369	0.00520	0.00155	0.49890	0.14330
1370	0.00500	0.00150	0.49890	0.14250
1371	0.00480	0.00145	0.49890	0.14140
1372	0.00460	0.00140	0.49890	0.14030
1373	0.00440	0.00135	0.49890	0.13920
1374	0.00420	0.00130	0.49890	0.13810
1375	0.00400	0.00125	0.49890	0.13700
1376	0.00380	0.00120	0.49880	0.13630
1377	0.00360	0.00115	0.49880	0.13550
1378	0.00340	0.00110	0.49880	0.13480
1379	0.00320	0.00105	0.49880	0.13400
1380	0.00300	0.00100	0.49880	0.13320
1381	0.00390	0.00125	0.49790	0.13210
1382	0.00480	0.00150	0.49700	0.13090
1383	0.00570	0.00175	0.49620	0.12980
1384	0.00660	0.00200	0.49530	0.12870
1385	0.00750	0.00225	0.49440	0.12750
1386	0.00840	0.00250	0.49400	0.12640
1387	0.00930	0.00275	0.49370	0.12520
1388	0.01020	0.00300	0.49330	0.12400
1389	0.01110	0.00325	0.49300	0.12290
1390	0.01200	0.00350	0.49260	0.12170
1391	0.01290	0.00375	0.49260	0.12090
1392	0.01380	0.00400	0.49260	0.12010
1393	0.01470	0.00425	0.49260	0.11930
1394	0.01560	0.00450	0.49260	0.11850
1395	0.01650	0.00475	0.49260	0.11780
1396	0.01740	0.00500	0.49260	0.11690
1397	0.01830	0.00525	0.49260	0.11610
1398	0.01920	0.00550	0.49260	0.11520
1399	0.02010	0.00575	0.49260	0.11430
1400	0.02100	0.00600	0.49260	0.11350
1401	0.02095	0.00595	0.49260	0.11280
1402	0.02090	0.00590	0.49260	0.11220
1403	0.02085	0.00585	0.49260	0.11160
1404	0.02080	0.00580	0.49260	0.11090
1405	0.02075	0.00575	0.49260	0.11030
1406	0.02070	0.00570	0.49260	0.10980
1407	0.02065	0.00565	0.49260	0.10930
1408	0.02060	0.00560	0.49260	0.10880
1409	0.02055	0.00555	0.49260	0.10830
1410	0.02050	0.00550	0.49250	0.10780
1411	0.02045	0.00545	0.49330	0.10700
1412	0.02040	0.00540	0.49400	0.10620
1413	0.02035	0.00535	0.49470	0.10540
1414	0.02030	0.00530	0.49550	0.10460
1415	0.02025	0.00525	0.49620	0.10390
1416	0.02020	0.00520	0.49680	0.10370
1417	0.02015	0.00515	0.49740	0.10360
1418	0.02010	0.00510	0.49800	0.10350
1419	0.02005	0.00505	0.49860	0.10340
1420	0.02000	0.00500	0.49920	0.10320
1421	0.02170	0.00545	0.49940	0.10290
1422	0.02340	0.00590	0.49970	0.10260
1423	0.02510	0.00635	0.49990	0.10240
1424	0.02680	0.00680	0.50010	0.10210
1425	0.02850	0.00725	0.50030	0.10180
1426	0.03020	0.00770	0.50040	0.10160
1427	0.03190	0.00815	0.50050	0.10150
1428	0.03360	0.00860	0.50060	0.10130
1429	0.03530	0.00905	0.50060	0.10120
1430	0.03700	0.00950	0.50070	0.10100
1431	0.03870	0.00995	0.50070	0.10100
1432	0.04040	0.01040	0.50080	0.10100
1433	0.04210	0.01085	0.50080	0.10100
1434	0.04380	0.01130	0.50080	0.10100
1435	0.04550	0.01175	0.50080	0.10100
1436	0.04720	0.01220	0.50080	0.10100
1437	0.04890	0.01265	0.50080	0.10100
1438	0.05060	0.01310	0.50080	0.10100
1439	0.05230	0.01355	0.50080	0.10100
1440	0.05400	0.01400	0.50080	0.10100
1441	0.05795	0.01505	0.50080	0.10100
1442	0.06190	0.01610	0.50080	0.10100
1443	0.06585	0.01715	0.50080	0.10100
1444	0.06980	0.01820	0.50080	0.10100
1445	0.07375	0.01925	0.50080	0.10100
1446	0.07770	0.02030	0.50070	0.10120
1447	0.08165	0.02135	0.50060	0.10140
1448	0.08560	0.02240	0.50060	0.10160
1449	0.08955	0.02345	0.50050	0.10190
1450	0.09350	0.02450	0.50040	0.10210
1451	0.09745	0.02555	0.50040	0.10210
1452	0.10140	0.02660	0.50050	0.10210
1453	0.10540	0.02765	0.50050	0.10210
1454	0.10930	0.02870	0.50060	0.10210
1455	0.11330	0.02975	0.50060	0.10210
1456	0.11720	0.03080	0.50080	0.10210
1457	0.12120	0.03185	0.50110	0.10210
1458	0.12510	0.03290	0.50140	0.10210
1459	0.12910	0.03395	0.50160	0.10200
1460	0.13300	0.03500	0.50190	0.10200
1461	0.13270	0.03495	0.50200	0.10230
1462	0.13240	0.03490	0.50220	0.10260
1463	0.13210	0.03485	0.50230	0.10290
1464	0.13180	0.03480	0.50250	0.10320
1465	0.13150	0.03475	0.50260	0.10350
1466	0.13120	0.03470	0.50270	0.10360
1467	0.13090	0.03465	0.50280	0.10370
1468	0.13060	0.03460	0.50290	0.10370
1469	0.13030	0.03455	0.50310	0.10380
1470	0.13000	0.03450	0.50320	0.10390
1471	0.12970	0.03445	0.50320	0.10490
1472	0.12940	0.03440	0.50330	0.10590
1473	0.12910	0.03435	0.50330	0.10690
1474	0.12880	0.03430	0.50340	0.10790
1475	0.12850	0.03425	0.50340	0.10880
1476	0.12820	0.03420	0.50320	0.10920
1477	0.12790	0.03415	0.50300	0.10960
1478	0.12760	0.03410	0.50280	0.11000
1479	0.12730	0.03405	0.50260	0.11040
1480	0.12700	0.03400	0.50240	0.11070
1481	0.13840	0.03690	0.50220	0.11080
1482	0.14970	0.03980	0.50200	0.11080
1483	0.16110	0.04270	0.50190	0.11080
1484	0.17240	0.04560	0.50170	0.11080
1485	0.18380	0.04850	0.50150	0.11080
1486	0.19510	0.05140	0.50170	0.11140
1487	0.20650	0.05430	0.50190	0.11200
1488	0.21780	0.05720	0.50210	0.11260
1489	0.22920	0.06010	0.50230	0.11330
1490	0.24050	0.06300	0.50250	0.11390
1491	0.25190	0.06590	0.50270	0.11440
1492	0.26320	0.06880	0.50290	0.11500
1493	0.27460	0.07170	0.50310	0.11560
1494	0.28590	0.07460	0.50330	0.11610
1495	0.29730	0.07750	0.50350	0.11670
1496	0.30860	0.08040	0.50360	0.11710
1497	0.32000	0.08330	0.50370	0.11750
1498	0.33130	0.08620	0.50380	0.11800
1499	0.34270	0.08910	0.50400	0.11840
1500	0.35400	0.09200	0.50410	0.11880
1501	0.35410	0.09200	0.50390	0.11920
1502	0.35410	0.09200	0.50370	0.11960
1503	0.35420	0.09200	0.50360	0.12000
1504	0.35420	0.09200	0.50340	0.12040
1505	0.35430	0.09200	0.50330	0.12080
1506	0.35430	0.09200	0.50350	0.12120
1507	0.35440	0.09200	0.50360	0.12160
1508	0.35440	0.09200	0.50380	0.12200
1509	0.35450	0.09200	0.50400	0.12230
1510	0.35450	0.09200	0.50420	0.12270
1511	0.35460	0.09200	0.50440	0.12330
1512	0.35460	0.09200	0.50470	0.12390
1513	0.35470	0.09200	0.50490	0.12450
1514	0.35470	0.09200	0.50510	0.12510
1515	0.35480	0.09200	0.50540	0.12570
1516	0.35480	0.09200	0.50570	0.12620
1517	0.35490	0.09200	0.50610	0.12680
1518	0.35490	0.09200	0.50650	0.12740
1519	0.35500	0.09200	0.50680	0.12790
1520	0.35500	0.09200	0.50720	0.12850
1521	0.35560	0.09210	0.50720	0.12910
1522	0.35610	0.09220	0.50730	0.12980
1523	0.35670	0.09230	0.50730	0.13050
1524	0.35720	0.09240	0.50730	0.13110
1525	0.35780	0.09250	0.50740	0.13180
1526	0.35830	0.09260	0.50720	0.13210
1527	0.35890	0.09270	0.50710	0.13240
1528	0.35940	0.09280	0.50690	0.13270
1529	0.36000	0.09290	0.50680	0.13290
1530	0.36050	0.09300	0.50670	0.13320
1531	0.36110	0.09310	0.50670	0.13370
1532	0.36160	0.09320	0.50670	0.13420
1533	0.36220	0.09330	0.50670	0.13470
1534	0.36270	0.09340	0.50670	0.13520
1535	0.36330	0.09350	0.50670	0.13570
1536	0.36380	0.09360	0.50680	0.13600
1537	0.36440	0.09370	0.50700	0.13630
1538	0.36490	0.09380	0.50710	0.13660
1539	0.36550	0.09390	0.50720	0.13690
1540	0.36600	0.09400	0.50740	0.13720
1541	0.36590	0.09390	0.50750	0.13770
1542	0.36580	0.09380	0.50760	0.13810
1543	0.36570	0.09370	0.50780	0.13850
1544	0.36560	0.09360	0.50790	0.13900
1545	0.36550	0.09350	0.50800	0.13940
1546	0.36540	0.09340	0.50800	0.13960
1547	0.36530	0.09330	0.50790	0.13980
1548	0.36520	0.09320	0.50780	0.14000
1549	0.36510	0.09310	0.50770	0.14030
1550	0.36500	0.09300	0.50770	0.14050
1551	0.36490	0.09290	0.50750	0.14070
1552	0.36480	0.09280	0.50740	0.14100
1553	0.36470	0.09270	0.50730	0.14130
1554	0.36460	0.09260	0.50720	0.14150
1555	0.36450	0.09250	0.50710	0.14180
1556	0.36440	0.09240	0.50720	0.14240
1557	0.36430	0.09230	0.50740	0.14290
1558	0.36420	0.09220	0.50750	0.14350
1559	0.36410	0.09210	0.50770	0.14400
1560	0.36400	0.09200	0.50780	0.14460
1561	0.36260	0.09155	0.50790	0.14510
1562	0.36110	0.09110	0.50800	0.14550
1563	0.35970	0.09065	0.50820	0.14600
1564	0.35820	0.09020	0.50830	0.14650
1565	0.35680	0.08975	0.50840	0.14700
1566	0.35530	0.08930	0.50840	0.14750
1567	0.35390	0.08885	0.50840	0.14800
1568	0.35240	0.08840	0.50840	0.14850
1569	0.35100	0.08795	0.50840	0.14890
1570	0.34950	0.08750	0.50840	0.14940
1571	0.34810	0.08705	0.50840	0.14980
1572	0.34660	0.08660	0.50840	0.15010
1573	0.34520	0.08615	0.50840	0.15040
1574	0.34370	0.08570	0.50840	0.15080
1575	0.34230	0.08525	0.50840	0.15110
1576	0.34080	0.08480	0.50840	0.15120
1577	0.33940	0.08435	0.50840	0.15130
1578	0.33790	0.08390	0.50850	0.15150
1579	0.33650	0.08345	0.50850	0.15160
1580	0.33500	0.08300	0.50850	0.15170
1581	0.33500	0.08290	0.50870	0.15170
1582	0.33490	0.08280	0.50890	0.15170
1583	0.33490	0.08270	0.50900	0.15170
1584	0.33480	0.08260	0.50920	0.15170
1585	0.33480	0.08250	0.50940	0.15170
1586	0.33470	0.08240	0.50960	0.15170
1587	0.33470	0.08230	0.50970	0.15170
1588	0.33460	0.08220	0.50990	0.15170
1589	0.33460	0.08210	0.51010	0.15170
1590	0.33450	0.08200	0.51030	0.15170
1591	0.33450	0.08190	0.51030	0.15210
1592	0.33440	0.08180	0.51040	0.15250
1593	0.33440	0.08170	0.51040	0.15300
1594	0.33430	0.08160	0.51050	0.15340
1595	0.33430	0.08150	0.51060	0.15380
1596	0.33420	0.08140	0.51030	0.15410
1597	0.33420	0.08130	0.51010	0.15440
1598	0.33410	0.08120	0.50990	0.15470
1599	0.33410	0.08110	0.50970	0.15500
1600	0.33400	0.08100	0.50950	0.15530
1601	0.33380	0.08085	0.50930	0.15550
1602	0.33350	0.08070	0.50910	0.15570
1603	0.33330	0.08055	0.50890	0.15580
1604	0.33300	0.08040	0.50870	0.15600
1605	0.33280	0.08025	0.50850	0.15620
1606	0.33250	0.08010	0.50860	0.15680
1607	0.33230	0.07995	0.50870	0.15730
1608	0.33200	0.07980	0.50880	0.15780
1609	0.33180	0.07965	0.50890	0.15840
1610	0.33150	0.07950	0.50900	0.15890
1611	0.33130	0.07935	0.50910	0.15900
1612	0.33100	0.07920	0.50920	0.15900
1613	0.33080	0.07905	0.50930	0.15910
1614	0.33050	0.07890	0.50950	0.15920
1615	0.33030	0.07875	0.50960	0.15920
1616	0.33000	0.07860	0.50950	0.15940
1617	0.32980	0.07845	0.50930	0.15950
1618	0.32950	0.07830	0.50920	0.15970
1619	0.32930	0.07815	0.50910	0.15980
1620	0.32900	0.07800	0.50900	0.16000
1621	0.32800	0.07770	0.50890	0.16000
1622	0.32700	0.07740	0.50870	0.16000
1623	0.32600	0.07710	0.50860	0.16000
1624	0.32500	0.07680	0.50850	0.16000
1625	0.32400	0.07650	0.50840	0.16000
1626	0.32300	0.07620	0.50830	0.16030
1627	0.32200	0.07590	0.50830	0.16060
1628	0.32100	0.07560	0.50830	0.16080
1629	0.32000	0.07530	0.50820	0.16110
1630	0.31900	0.07500	0.50820	0.16140
1631	0.31800	0.07470	0.50820	0.16180
1632	0.31700	0.07440	0.50820	0.16210
1633	0.31600	0.07410	0.50820	0.16250
1634	0.31500	0.07380	0.50820	0.16280
1635	0.31400	0.07350	0.50820	0.16310
1636	0.31300	0.07320	0.50820	0.16310
1637	0.31200	0.07290	0.50820	0.16320
1638	0.31100	0.07260	0.50820	0.16320
1639	0.31000	0.07230	0.50820	0.16320
1640	0.30900	0.07200	0.50820	0.16320
1641	0.30890	0.07190	0.50820	0.16320
1642	0.30870	0.07180	0.50820	0.16320
1643	0.30860	0.07170	0.50820	0.16320
1644	0.30840	0.07160	0.50820	0.16320
1645	0.30830	0.07150	0.50820	0.16320
1646	0.30810	0.07140	0.50850	0.16320
1647	0.30800	0.07130	0.50890	0.16320
1648	0.30780	0.07120	0.50920	0.16320
1649	0.30770	0.07110	0.50960	0.16320
1650	0.30750	0.07100	0.50990	0.16320
1651	0.30740	0.07090	0.51010	0.16330
1652	0.30720	0.07080	0.51040	0.16350
1653	0.30710	0.07070	0.51060	0.16360
1654	0.30690	0.07060	0.51090	0.16380
1655	0.30680	0.07050	0.51110	0.16390
1656	0.30660	0.07040	0.51090	0.16390
1657	0.30650	0.07030	0.51070	0.16390
1658	0.30630	0.07020	0.51060	0.16390
1659	0.30620	0.07010	0.51040	0.16390
1660	0.30600	0.07000	0.51020	0.16390
1661	0.30540	0.06975	0.51000	0.16390
1662	0.30470	0.06950	0.50980	0.16390
1663	0.30410	0.06925	0.50970	0.16390
1664	0.30340	0.06900	0.50950	0.16390
1665	0.30280	0.06875	0.50930	0.16390
1666	0.30210	0.06850	0.50910	0.16390
1667	0.30150	0.06825	0.50900	0.16390
1668	0.30080	0.06800	0.50880	0.16390
1669	0.30020	0.06775	0.50860	0.16390
1670	0.29950	0.06750	0.50840	0.16390
1671	0.29890	0.06725	0.50830	0.16390
1672	0.29820	0.06700	0.50830	0.16390
1673	0.29760	0.06675	0.50820	0.16390
1674	0.29690	0.06650	0.50810	0.16390
1675	0.29630	0.06625	0.50810	0.16390
1676	0.29560	0.06600	0.50810	0.16390
1677	0.29500	0.06575	0.50810	0.16390
1678	0.29430	0.06550	0.50800	0.16380
1679	0.29370	0.06525	0.50800	0.16380
1680	0.29300	0.06500	0.50800	0.16380
1681	0.29230	0.06480	0.50800	0.16390
1682	0.29150	0.06460	0.50800	0.16400
1683	0.29080	0.06440	0.50800	0.16410
1684	0.29000	0.06420	0.50800	0.16410
1685	0.28930	0.06400	0.50800	0.16420
1686	0.28850	0.06380	0.50800	0.16420
1687	0.28780	0.06360	0.50800	0.16420
1688	0.28700	0.06340	0.50800	0.16420
1689	0.28630	0.06320	0.50800	0.16420
1690	0.28550	0.06300	0.50800	0.16420
1691	0.28480	0.06280	0.50820	0.16430
1692	0.28400	0.06260	0.50840	0.16430
1693	0.28330	0.06240	0.50860	0.16440
1694	0.28250	0.06220	0.50880	0.16450
1695	0.28180	0.06200	0.50900	0.16450
1696	0.28100	0.06180	0.50930	0.16450
1697	0.28030	0.06160	0.50950	0.16450
1698	0.27950	0.06140	0.50980	0.16450
1699	0.27880	0.06120	0.51010	0.16450
1700	0.27800	0.06100	0.51030	0.16450
1701	0.27770	0.06090	0.51060	0.16450
1702	0.27740	0.06080	0.51080	0.16450
1703	0.27710	0.06070	0.51110	0.16450
1704	0.27680	0.06060	0.51140	0.16450
1705	0.27650	0.06050	0.51160	0.16450
1706	0.27620	0.06040	0.51170	0.16450
1707	0.27590	0.06030	0.51180	0.16450
1708	0.27560	0.06020	0.51190	0.16450
1709	0.27530	0.06010	0.51200	0.16450
1710	0.27500	0.06000	0.51210	0.16450
1711	0.27470	0.05990	0.51220	0.16450
1712	0.27440	0.05980	0.51220	0.16450
1713	0.27410	0.05970	0.51220	0.16450
1714	0.27380	0.05960	0.51230	0.16450
1715	0.27350	0.05950	0.51230	0.16450
1716	0.27320	0.05940	0.51200	0.16420
1717	0.27290	0.05930	0.51160	0.16390
1718	0.27260	0.05920	0.51130	0.16360
1719	0.27230	0.05910	0.51100	0.16330
1720	0.27200	0.05900	0.51070	0.16300
1721	0.26890	0.05830	0.51040	0.16300
1722	0.26580	0.05760	0.51020	0.16300
1723	0.26270	0.05690	0.51000	0.16300
1724	0.25960	0.05620	0.50980	0.16300
1725	0.25650	0.05550	0.50950	0.16300
1726	0.25340	0.05480	0.50960	0.16290
1727	0.25030	0.05410	0.50960	0.16270
1728	0.24720	0.05340	0.50970	0.16260
1729	0.24410	0.05270	0.50970	0.16240
1730	0.24100	0.05200	0.50980	0.16230
1731	0.23790	0.05130	0.50950	0.16230
1732	0.23480	0.05060	0.50920	0.16230
1733	0.23170	0.04990	0.50890	0.16230
1734	0.22860	0.04920	0.50860	0.16230
1735	0.22550	0.04850	0.50830	0.16230
1736	0.22240	0.04780	0.50850	0.16170
1737	0.21930	0.04710	0.50860	0.16120
1738	0.21620	0.04640	0.50880	0.16070
1739	0.21310	0.04570	0.50900	0.16020
1740	0.21000	0.04500	0.50910	0.15970
1741	0.21190	0.04535	0.50920	0.15970
1742	0.21380	0.04570	0.50930	0.15970
1743	0.21570	0.04605	0.50940	0.15970
1744	0.21760	0.04640	0.50950	0.15970
1745	0.21950	0.04675	0.50960	0.15970
1746	0.22140	0.04710	0.50960	0.15970
1747	0.22330	0.04745	0.50960	0.15970
1748	0.22520	0.04780	0.50960	0.15970
1749	0.22710	0.04815	0.50960	0.15970
1750	0.22900	0.04850	0.50960	0.15970
1751	0.23090	0.04885	0.50970	0.15940
1752	0.23280	0.04920	0.50980	0.15920
1753	0.23470	0.04955	0.50990	0.15900
1754	0.23660	0.04990	0.51010	0.15880
1755	0.23850	0.05025	0.51020	0.15860
1756	0.24040	0.05060	0.51020	0.15850
1757	0.24230	0.05095	0.51030	0.15850
1758	0.24420	0.05130	0.51030	0.15840
1759	0.24610	0.05165	0.51040	0.15840
1760	0.24800	0.05200	0.51050	0.15840
1761	0.24270	0.05085	0.51020	0.15800
1762	0.23730	0.04970	0.51000	0.15760
1763	0.23200	0.04855	0.50980	0.15720
1764	0.22660	0.04740	0.50960	0.15680
1765	0.22130	0.04625	0.50940	0.15630
1766	0.21590	0.04510	0.50920	0.15590
1767	0.21060	0.04395	0.50900	0.15550
1768	0.20520	0.04280	0.50880	0.15500
1769	0.19990	0.04165	0.50860	0.15460
1770	0.19450	0.04050	0.50840	0.15410
1771	0.18920	0.03935	0.50820	0.15410
1772	0.18380	0.03820	0.50810	0.15410
1773	0.17850	0.03705	0.50790	0.15410
1774	0.17310	0.03590	0.50780	0.15410
1775	0.16780	0.03475	0.50760	0.15410
1776	0.16240	0.03360	0.50780	0.15410
1777	0.15710	0.03245	0.50790	0.15410
1778	0.15170	0.03130	0.50810	0.15410
1779	0.14640	0.03015	0.50820	0.15410
1780	0.14100	0.02900	0.50840	0.15410
1781	0.13560	0.02790	0.50860	0.15410
1782	0.13020	0.02680	0.50880	0.15410
1783	0.12480	0.02570	0.50910	0.15410
1784	0.11940	0.02460	0.50930	0.15410
1785	0.11400	0.02350	0.50950	0.15410
1786	0.10860	0.02240	0.50950	0.15410
1787	0.10320	0.02130	0.50950	0.15410
1788	0.09780	0.02020	0.50950	0.15410
1789	0.09240	0.01910	0.50950	0.15410
1790	0.08700	0.01800	0.50950	0.15410
1791	0.08160	0.01690	0.50950	0.15410
1792	0.07620	0.01580	0.50950	0.15410
1793	0.07080	0.01470	0.50950	0.15410
1794	0.06540	0.01360	0.50950	0.15410
1795	0.06000	0.01250	0.50950	0.15410
1796	0.05460	0.01140	0.50950	0.15410
1797	0.04920	0.01030	0.50950	0.15410
1798	0.04380	0.00920	0.50950	0.15410
1799	0.03840	0.00810	0.50950	0.15410
1800	0.03300	0.00700	0.50950	0.15410
1801	0.03160	0.00670	0.50950	0.15400
1802	0.03020	0.00640	0.50950	0.15390
1803	0.02880	0.00610	0.50950	0.15380
1804	0.02740	0.00580	0.50950	0.15380
1805	0.02600	0.00550	0.50940	0.15370
1806	0.02460	0.00520	0.50940	0.15370
1807	0.02320	0.00490	0.50940	0.15370
1808	0.02180	0.00460	0.50940	0.15370
1809	0.02040	0.00430	0.50940	0.15370
1810	0.01900	0.00400	0.50940	0.15370
1811	0.01760	0.00370	0.50900	0.15370
1812	0.01620	0.00340	0.50860	0.15370
1813	0.01480	0.00310	0.50820	0.15370
1814	0.01340	0.00280	0.50780	0.15370
1815	0.01200	0.00250	0.50740	0.15370
1816	0.01060	0.00220	0.50730	0.15360
1817	0.00920	0.00190	0.50720	0.15350
1818	0.00780	0.00160	0.50710	0.15340
1819	0.00640	0.00130	0.50700	0.15340
1820	0.00500	0.00100	0.50690	0.15330
1821	0.00490	0.00100	0.50710	0.15330
1822	0.00480	0.00100	0.50740	0.15330
1823	0.00470	0.00100	0.50760	0.15330
1824	0.00460	0.00100	0.50790	0.15330
1825	0.00450	0.00100	0.50820	0.15330
1826	0.00440	0.00100	0.50810	0.15310
1827	0.00430	0.00100	0.50810	0.15280
1828	0.00420	0.00100	0.50800	0.15260
1829	0.00410	0.00100	0.50800	0.15240
1830	0.00400	0.00100	0.50790	0.15220
1831	0.00390	0.00100	0.50760	0.15190
1832	0.00380	0.00100	0.50730	0.15170
1833	0.00370	0.00100	0.50700	0.15150
1834	0.00360	0.00100	0.50670	0.15120
1835	0.00350	0.00100	0.50640	0.15100
1836	0.00340	0.00100	0.50660	0.15040
1837	0.00330	0.00100	0.50690	0.14970
1838	0.00320	0.00100	0.50710	0.14910
1839	0.00310	0.00100	0.50730	0.14840
1840	0.00300	0.00100	0.50760	0.14780
1841	0.00290	0.00095	0.50790	0.14730
1842	0.00280	0.00090	0.50830	0.14680
1843	0.00270	0.00085	0.50870	0.14630
1844	0.00260	0.00080	0.50910	0.14580
1845	0.00250	0.00075	0.50950	0.14530
1846	0.00240	0.00070	0.50970	0.14410
1847	0.00230	0.00065	0.51000	0.14290
1848	0.00220	0.00060	0.51030	0.14170
1849	0.00210	0.00055	0.51050	0.14040
1850	0.00200	0.00050	0.51080	0.13920
1851	0.00190	0.00045	0.51100	0.13840
1852	0.00180	0.00040	0.51120	0.13750
1853	0.00170	0.00035	0.51150	0.13660
1854	0.00160	0.00030	0.51170	0.13580
1855	0.00150	0.00025	0.51190	0.13490
1856	0.00140	0.00020	0.51220	0.13410
1857	0.00130	0.00015	0.51250	0.13320
1858	0.00120	0.00010	0.51280	0.13230
1859	0.00110	0.00005	0.51310	0.13150
1860	0.00100	0.00010	0.51340	0.13060
1861	0.00190	0.00020	0.51380	0.12870
1862	0.00280	0.00040	0.51420	0.12690
1863	0.00370	0.00060	0.51470	0.12500
1864	0.00460	0.00080	0.51510	0.12310
1865	0.00550	0.00100	0.51550	0.12120
1866	0.00640	0.00120	0.51530	0.11920
1867	0.00730	0.00140	0.51520	0.11710
1868	0.00820	0.00160	0.51500	0.11510
1869	0.00910	0.00180	0.51480	0.11310
1870	0.01000	0.00200	0.51460	0.11110
1871	0.01090	0.00220	0.51420	0.10770
1872	0.01180	0.00240	0.51370	0.10440
1873	0.01270	0.00260	0.51330	0.10100
1874	0.01360	0.00280	0.51280	0.09765
1875	0.01450	0.00300	0.51240	0.09430
1876	0.01540	0.00320	0.51020	0.09322
1877	0.01630	0.00340	0.50810	0.09214
1878	0.01720	0.00360	0.50590	0.09106
1879	0.01810	0.00380	0.50370	0.08998
1880	0.01900	0.00400	0.50160	0.08890
1881	0.01810	0.00380	0.50160	0.08870
1882	0.01720	0.00360	0.50160	0.08850
1883	0.01630	0.00340	0.50150	0.08829
1884	0.01540	0.00320	0.50150	0.08809
1885	0.01450	0.00300	0.50150	0.08789
1886	0.01360	0.00280	0.50190	0.08823
1887	0.01270	0.00260	0.50230	0.08857
1888	0.01180	0.00240	0.50260	0.08891
1889	0.01090	0.00220	0.50300	0.08924
1890	0.01000	0.00200	0.50340	0.08958
1891	0.00910	0.00180	0.50380	0.09038
1892	0.00820	0.00160	0.50420	0.09118
1893	0.00730	0.00140	0.50460	0.09198
1894	0.00640	0.00120	0.50500	0.09278
1895	0.00550	0.00100	0.50550	0.09358
1896	0.00460	0.00080	0.50610	0.09411
1897	0.00370	0.00060	0.50670	0.09464
1898	0.00280	0.00040	0.50730	0.09518
1899	0.00190	0.00020	0.50800	0.09571
1900	0.00100	0.00000	0.50860	0.09624
1901	0.00100	0.00000	0.50860	0.09694
1902	0.00100	0.00000	0.50860	0.09765
1903	0.00100	0.00000	0.50850	0.09835
1904	0.00100	0.00000	0.50850	0.09905
1905	0.00100	0.00000	0.50850	0.09975
1906	0.00100	0.00000	0.50810	0.09931
1907	0.00100	0.00000	0.50760	0.09886
1908	0.00100	0.00000	0.50720	0.09842
1909	0.00100	0.00000	0.50680	0.09797
1910	0.00100	0.00000	0.50640	0.09752
1911	0.00100	0.00000	0.50590	0.09511
1912	0.00100	0.00000	0.50550	0.09269
1913	0.00100	0.00000	0.50510	0.09027
1914	0.00100	0.00000	0.50470	0.08786
1915	0.00100	0.00000	0.50420	0.08544
1916	0.00100	0.00000	0.50380	0.08363
1917	0.00100	0.00000	0.50340	0.08182
1918	0.00100	0.00000	0.50300	0.08002
1919	0.00100	0.00000	0.50270	0.07821
1920	0.00100	0.00000	0.50230	0.07640
1921	0.00125	0.00005	0.50190	0.07433
1922	0.00150	0.00010	0.50150	0.07226
1923	0.00175	0.00015	0.50110	0.07020
1924	0.00200	0.00020	0.50070	0.06813
1925	0.00225	0.00025	0.50030	0.06606
1926	0.00250	0.00030	0.50030	0.06446
1927	0.00275	0.00035	0.50030	0.06285
1928	0.00300	0.00040	0.50030	0.06124
1929	0.00325	0.00045	0.50030	0.05963
1930	0.00350	0.00050	0.50030	0.05802
1931	0.00375	0.00055	0.49920	0.05701
1932	0.00400	0.00060	0.49800	0.05600
1933	0.00425	0.00065	0.49690	0.05499
1934	0.00450	0.00070	0.49580	0.05398
1935	0.00475	0.00075	0.49460	0.05297
1936	0.00500	0.00080	0.49430	0.05225
1937	0.00525	0.00085	0.49390	0.05154
1938	0.00550	0.00090	0.49350	0.05083
1939	0.00575	0.00095	0.49310	0.05011
1940	0.00600	0.00100	0.49270	0.04940
1941	0.00710	0.00120	0.49240	0.04883
1942	0.00820	0.00140	0.49200	0.04826
1943	0.00930	0.00160	0.49160	0.04769
1944	0.01040	0.00180	0.49120	0.04712
1945	0.01150	0.00200	0.49080	0.04655
1946	0.01260	0.00220	0.49070	0.04626
1947	0.01370	0.00240	0.49050	0.04597
1948	0.01480	0.00260	0.49040	0.04567
1949	0.01590	0.00280	0.49020	0.04538
1950	0.01700	0.00300	0.49010	0.04508
1951	0.01810	0.00320	0.49020	0.04508
1952	0.01920	0.00340	0.49030	0.04508
1953	0.02030	0.00360	0.49040	0.04508
1954	0.02140	0.00380	0.49050	0.04507
1955	0.02250	0.00400	0.49060	0.04507
1956	0.02360	0.00420	0.49050	0.04529
1957	0.02470	0.00440	0.49040	0.04550
1958	0.02580	0.00460	0.49020	0.04572
1959	0.02690	0.00480	0.49010	0.04594
1960	0.02800	0.00500	0.49000	0.04615
1961	0.03150	0.00565	0.49000	0.04615
1962	0.03500	0.00630	0.49000	0.04615
1963	0.03850	0.00695	0.49000	0.04615
1964	0.04200	0.00760	0.49000	0.04614
1965	0.04550	0.00825	0.49000	0.04614
1966	0.04900	0.00890	0.49020	0.04614
1967	0.05250	0.00955	0.49040	0.04614
1968	0.05600	0.01020	0.49060	0.04613
1969	0.05950	0.01085	0.49070	0.04613
1970	0.06300	0.01150	0.49090	0.04613
1971	0.06650	0.01215	0.49110	0.04613
1972	0.07000	0.01280	0.49130	0.04612
1973	0.07350	0.01345	0.49140	0.04612
1974	0.07700	0.01410	0.49160	0.04612
1975	0.08050	0.01475	0.49180	0.04612
1976	0.08400	0.01540	0.49300	0.04626
1977	0.08750	0.01605	0.49410	0.04640
1978	0.09100	0.01670	0.49530	0.04655
1979	0.09450	0.01735	0.49640	0.04669
1980	0.09800	0.01800	0.49760	0.04683
1981	0.09720	0.01785	0.49760	0.04731
1982	0.09640	0.01770	0.49760	0.04779
1983	0.09560	0.01755	0.49760	0.04827
1984	0.09480	0.01740	0.49760	0.04875
1985	0.09400	0.01725	0.49770	0.04922
1986	0.09320	0.01710	0.49770	0.04965
1987	0.09240	0.01695	0.49770	0.05009
1988	0.09160	0.01680	0.49770	0.05052
1989	0.09080	0.01665	0.49770	0.05095
1990	0.09000	0.01650	0.49770	0.05138
1991	0.08920	0.01635	0.49770	0.05192
1992	0.08840	0.01620	0.49780	0.05246
1993	0.08760	0.01605	0.49780	0.05299
1994	0.08680	0.01590	0.49780	0.05353
1995	0.08600	0.01575	0.49780	0.05407
1996	0.08520	0.01560	0.49780	0.05463
1997	0.08440	0.01545	0.49780	0.05518
1998	0.08360	0.01530	0.49780	0.05574
1999	0.08280	0.01515	0.49780	0.05630
2000	0.08200	0.01500	0.49790	0.05685
2001	0.08015	0.01465	0.49810	0.05702
2002	0.07830	0.01430	0.49830	0.05720
2003	0.07645	0.01395	0.49850	0.05737
2004	0.07460	0.01360	0.49860	0.05754
2005	0.07275	0.01325	0.49880	0.05771
2006	0.07090	0.01290	0.49910	0.05807
2007	0.06905	0.01255	0.49940	0.05843
2008	0.06720	0.01220	0.49960	0.05879
2009	0.06535	0.01185	0.49990	0.05916
2010	0.06350	0.01150	0.50020	0.05952
2011	0.06165	0.01115	0.50040	0.06013
2012	0.05980	0.01080	0.50060	0.06073
2013	0.05795	0.01045	0.50090	0.06134
2014	0.05610	0.01010	0.50110	0.06194
2015	0.05425	0.00975	0.50130	0.06255
2016	0.05240	0.00940	0.50160	0.06301
2017	0.05055	0.00905	0.50180	0.06347
2018	0.04870	0.00870	0.50210	0.06393
2019	0.04685	0.00835	0.50230	0.06439
2020	0.04500	0.00800	0.50250	0.06486
2021	0.04965	0.00880	0.50280	0.06524
2022	0.05430	0.00960	0.50300	0.06563
2023	0.05895	0.01040	0.50330	0.06601
2024	0.06360	0.01120	0.50350	0.06640
2025	0.06825	0.01200	0.50370	0.06679
2026	0.07290	0.01280	0.50380	0.06720
2027	0.07755	0.01360	0.50380	0.06761
2028	0.08220	0.01440	0.50390	0.06802
2029	0.08685	0.01520	0.50390	0.06843
2030	0.09150	0.01600	0.50400	0.06885
2031	0.09615	0.01680	0.50400	0.06943
2032	0.10080	0.01760	0.50400	0.07002
2033	0.10550	0.01840	0.50400	0.07060
2034	0.11010	0.01920	0.50400	0.07119
2035	0.11480	0.02000	0.50400	0.07177
2036	0.11940	0.02080	0.50440	0.07267
2037	0.12410	0.02160	0.50490	0.07356
2038	0.12870	0.02240	0.50530	0.07445
2039	0.13340	0.02320	0.50580	0.07534
2040	0.13800	0.02400	0.50620	0.07623
2041	0.13630	0.02370	0.50650	0.07693
2042	0.13460	0.02340	0.50680	0.07764
2043	0.13290	0.02310	0.50700	0.07834
2044	0.13120	0.02280	0.50730	0.07904
2045	0.12950	0.02250	0.50760	0.07974
2046	0.12780	0.02220	0.50760	0.08027
2047	0.12610	0.02190	0.50760	0.08080
2048	0.12440	0.02160	0.50760	0.08133
2049	0.12270	0.02130	0.50760	0.08186
2050	0.12100	0.02100	0.50760	0.08239
2051	0.11930	0.02070	0.50770	0.08283
2052	0.11760	0.02040	0.50780	0.08327
2053	0.11590	0.02010	0.50790	0.08371
2054	0.11420	0.01980	0.50800	0.08415
2055	0.11250	0.01950	0.50810	0.08459
2056	0.11080	0.01920	0.50850	0.08514
2057	0.10910	0.01890	0.50890	0.08570
2058	0.10740	0.01860	0.50930	0.08626
2059	0.10570	0.01830	0.50970	0.08681
2060	0.10400	0.01800	0.51010	0.08737
2061	0.10540	0.01825	0.51000	0.08764
2062	0.10680	0.01850	0.51000	0.08791
2063	0.10820	0.01875	0.50990	0.08817
2064	0.10960	0.01900	0.50980	0.08844
2065	0.11100	0.01925	0.50980	0.08871
2066	0.11240	0.01950	0.50950	0.08911
2067	0.11380	0.01975	0.50920	0.08951
2068	0.11520	0.02000	0.50890	0.08992
2069	0.11660	0.02025	0.50860	0.09032
2070	0.11800	0.02050	0.50830	0.09072
2071	0.11940	0.02075	0.50800	0.09072
2072	0.12080	0.02100	0.50780	0.09072
2073	0.12220	0.02125	0.50760	0.09071
2074	0.12360	0.02150	0.50730	0.09071
2075	0.12500	0.02175	0.50710	0.09071
2076	0.12640	0.02200	0.50710	0.09089
2077	0.12780	0.02225	0.50710	0.09107
2078	0.12920	0.02250	0.50710	0.09125
2079	0.13060	0.02275	0.50710	0.09143
2080	0.13200	0.02300	0.50710	0.09162
2081	0.13170	0.02290	0.50710	0.09209
2082	0.13140	0.02280	0.50710	0.09256
2083	0.13110	0.02270	0.50700	0.09303
2084	0.13080	0.02260	0.50700	0.09350
2085	0.13050	0.02250	0.50700	0.09397
2086	0.13020	0.02240	0.50700	0.09447
2087	0.12990	0.02230	0.50690	0.09496
2088	0.12960	0.02220	0.50690	0.09546
2089	0.12930	0.02210	0.50680	0.09596
2090	0.12900	0.02200	0.50680	0.09646
2091	0.12870	0.02190	0.50670	0.09691
2092	0.12840	0.02180	0.50670	0.09737
2093	0.12810	0.02170	0.50660	0.09782
2094	0.12780	0.02160	0.50660	0.09827
2095	0.12750	0.02150	0.50650	0.09872
2096	0.12720	0.02140	0.50640	0.09886
2097	0.12690	0.02130	0.50620	0.09899
2098	0.12660	0.02120	0.50610	0.09913
2099	0.12630	0.02110	0.50590	0.09926
2100	0.12600	0.02100	0.50580	0.09940
2101	0.12620	0.02105	0.50540	0.09976
2102	0.12640	0.02110	0.50500	0.10010
2103	0.12660	0.02115	0.50470	0.10050
2104	0.12680	0.02120	0.50430	0.10080
2105	0.12700	0.02125	0.50390	0.10120
2106	0.12720	0.02130	0.50430	0.10180
2107	0.12740	0.02135	0.50470	0.10250
2108	0.12760	0.02140	0.50500	0.10310
2109	0.12780	0.02145	0.50540	0.10370
2110	0.12800	0.02150	0.50580	0.10430
2111	0.12820	0.02155	0.50560	0.10450
2112	0.12840	0.02160	0.50550	0.10470
2113	0.12860	0.02165	0.50540	0.10490
2114	0.12880	0.02170	0.50520	0.10510
2115	0.12900	0.02175	0.50510	0.10530
2116	0.12920	0.02180	0.50500	0.10590
2117	0.12940	0.02185	0.50480	0.10640
2118	0.12960	0.02190	0.50470	0.10700
2119	0.12980	0.02195	0.50460	0.10750
2120	0.13000	0.02200	0.50440	0.10810
2121	0.13010	0.02200	0.50470	0.10810
2122	0.13010	0.02200	0.50510	0.10810
2123	0.13020	0.02200	0.50540	0.10810
2124	0.13020	0.02200	0.50570	0.10810
2125	0.13030	0.02200	0.50600	0.10810
2126	0.13030	0.02200	0.50550	0.10860
2127	0.13040	0.02200	0.50500	0.10920
2128	0.13040	0.02200	0.50450	0.10980
2129	0.13050	0.02200	0.50400	0.11030
2130	0.13050	0.02200	0.50350	0.11090
2131	0.13060	0.02200	0.50390	0.11110
2132	0.13060	0.02200	0.50430	0.11140
2133	0.13070	0.02200	0.50470	0.11160
2134	0.13070	0.02200	0.50510	0.11180
2135	0.13080	0.02200	0.50550	0.11210
2136	0.13080	0.02200	0.50530	0.11210
2137	0.13090	0.02200	0.50510	0.11220
2138	0.13090	0.02200	0.50480	0.11230
2139	0.13100	0.02200	0.50460	0.11240
2140	0.13100	0.02200	0.50440	0.11240
2141	0.13010	0.02185	0.50410	0.11280
2142	0.12920	0.02170	0.50370	0.11320
2143	0.12830	0.02155	0.50340	0.11360
2144	0.12740	0.02140	0.50310	0.11400
2145	0.12650	0.02125	0.50280	0.11440
2146	0.12560	0.02110	0.50240	0.11450
2147	0.12470	0.02095	0.50210	0.11460
2148	0.12380	0.02080	0.50180	0.11470
2149	0.12290	0.02065	0.50150	0.11480
2150	0.12200	0.02050	0.50110	0.11500
2151	0.12110	0.02035	0.50090	0.11490
2152	0.12020	0.02020	0.50070	0.11490
2153	0.11930	0.02005	0.50050	0.11490
2154	0.11840	0.01990	0.50030	0.11490
2155	0.11750	0.01975	0.50000	0.11490
2156	0.11660	0.01960	0.49980	0.11490
2157	0.11570	0.01945	0.49960	0.11490
2158	0.11480	0.01930	0.49940	0.11490
2159	0.11390	0.01915	0.49920	0.11490
2160	0.11300	0.01900	0.49900	0.11490
2161	0.11290	0.01895	0.49880	0.11490
2162	0.11270	0.01890	0.49860	0.11490
2163	0.11260	0.01885	0.49840	0.11490
2164	0.11240	0.01880	0.49810	0.11490
2165	0.11230	0.01875	0.49790	0.11490
2166	0.11210	0.01870	0.49780	0.11490
2167	0.11200	0.01865	0.49760	0.11490
2168	0.11180	0.01860	0.49740	0.11490
2169	0.11170	0.01855	0.49720	0.11490
2170	0.11150	0.01850	0.49700	0.11490
2171	0.11140	0.01845	0.49720	0.11490
2172	0.11120	0.01840	0.49740	0.11490
2173	0.11110	0.01835	0.49750	0.11490
2174	0.11090	0.01830	0.49770	0.11490
2175	0.11080	0.01825	0.49790	0.11490
2176	0.11060	0.01820	0.49790	0.11490
2177	0.11050	0.01815	0.49790	0.11490
2178	0.11030	0.01810	0.49790	0.11490
2179	0.11020	0.01805	0.49790	0.11490
2180	0.11000	0.01800	0.49790	0.11490
2181	0.10940	0.01790	0.49630	0.11490
2182	0.10870	0.01780	0.49460	0.11500
2183	0.10810	0.01770	0.49290	0.11510
2184	0.10740	0.01760	0.49120	0.11520
2185	0.10680	0.01750	0.48950	0.11520
2186	0.10610	0.01740	0.48890	0.11550
2187	0.10550	0.01730	0.48830	0.11570
2188	0.10480	0.01720	0.48770	0.11600
2189	0.10420	0.01710	0.48710	0.11630
2190	0.10350	0.01700	0.48650	0.11650
2191	0.10290	0.01690	0.48590	0.11650
2192	0.10220	0.01680	0.48540	0.11660
2193	0.10160	0.01670	0.48480	0.11660
2194	0.10090	0.01660	0.48420	0.11660
2195	0.10030	0.01650	0.48360	0.11670
2196	0.09960	0.01640	0.48330	0.11740
2197	0.09895	0.01630	0.48300	0.11810
2198	0.09830	0.01620	0.48270	0.11880
2199	0.09765	0.01610	0.48240	0.11960
2200	0.09700	0.01600	0.48210	0.12030
2201	0.09775	0.01610	0.48200	0.12010
2202	0.09850	0.01620	0.48190	0.12000
2203	0.09925	0.01630	0.48180	0.11990
2204	0.10000	0.01640	0.48170	0.11970
2205	0.10080	0.01650	0.48160	0.11960
2206	0.10150	0.01660	0.48160	0.11910
2207	0.10230	0.01670	0.48150	0.11860
2208	0.10300	0.01680	0.48150	0.11810
2209	0.10380	0.01690	0.48150	0.11760
2210	0.10450	0.01700	0.48150	0.11710
2211	0.10530	0.01710	0.48170	0.11670
2212	0.10600	0.01720	0.48180	0.11630
2213	0.10680	0.01730	0.48200	0.11590
2214	0.10750	0.01740	0.48210	0.11560
2215	0.10830	0.01750	0.48230	0.11520
2216	0.10900	0.01760	0.48270	0.11520
2217	0.10980	0.01770	0.48310	0.11520
2218	0.11050	0.01780	0.48360	0.11510
2219	0.11130	0.01790	0.48400	0.11510
2220	0.11200	0.01800	0.48440	0.11510
2221	0.11180	0.01795	0.48490	0.11510
2222	0.11150	0.01790	0.48530	0.11510
2223	0.11130	0.01785	0.48580	0.11510
2224	0.11100	0.01780	0.48620	0.11510
2225	0.11080	0.01775	0.48670	0.11510
2226	0.11050	0.01770	0.48730	0.11510
2227	0.11030	0.01765	0.48790	0.11510
2228	0.11000	0.01760	0.48840	0.11510
2229	0.10980	0.01755	0.48900	0.11510
2230	0.10950	0.01750	0.48960	0.11510
2231	0.10930	0.01745	0.49020	0.11510
2232	0.10900	0.01740	0.49080	0.11510
2233	0.10880	0.01735	0.49140	0.11510
2234	0.10850	0.01730	0.49200	0.11510
2235	0.10830	0.01725	0.49260	0.11510
2236	0.10800	0.01720	0.49240	0.11510
2237	0.10780	0.01715	0.49220	0.11510
2238	0.10750	0.01710	0.49200	0.11510
2239	0.10730	0.01705	0.49190	0.11510
2240	0.10700	0.01700	0.49170	0.11510
2241	0.10650	0.01695	0.49140	0.11510
2242	0.10590	0.01690	0.49110	0.11510
2243	0.10540	0.01685	0.49080	0.11510
2244	0.10480	0.01680	0.49050	0.11510
2245	0.10430	0.01675	0.49020	0.11510
2246	0.10370	0.01670	0.49020	0.11510
2247	0.10320	0.01665	0.49020	0.11510
2248	0.10260	0.01660	0.49020	0.11510
2249	0.10210	0.01655	0.49010	0.11510
2250	0.10150	0.01650	0.49010	0.11510
2251	0.10100	0.01645	0.49010	0.11500
2252	0.10040	0.01640	0.49000	0.11490
2253	0.09985	0.01635	0.48990	0.11480
2254	0.09930	0.01630	0.48980	0.11480
2255	0.09875	0.01625	0.48970	0.11470
2256	0.09820	0.01620	0.48950	0.11410
2257	0.09765	0.01615	0.48930	0.11340
2258	0.09710	0.01610	0.48910	0.11280
2259	0.09655	0.01605	0.48890	0.11210
2260	0.09600	0.01600	0.48870	0.11150
2261	0.09590	0.01595	0.48890	0.11150
2262	0.09580	0.01590	0.48920	0.11150
2263	0.09570	0.01585	0.48940	0.11140
2264	0.09560	0.01580	0.48960	0.11140
2265	0.09550	0.01575	0.48980	0.11140
2266	0.09540	0.01570	0.49000	0.11110
2267	0.09530	0.01565	0.49020	0.11080
2268	0.09520	0.01560	0.49040	0.11050
2269	0.09510	0.01555	0.49060	0.11020
2270	0.09500	0.01550	0.49080	0.10990
2271	0.09490	0.01545	0.49100	0.10970
2272	0.09480	0.01540	0.49120	0.10950
2273	0.09470	0.01535	0.49140	0.10930
2274	0.09460	0.01530	0.49160	0.10910
2275	0.09450	0.01525	0.49180	0.10890
2276	0.09440	0.01520	0.49200	0.10860
2277	0.09430	0.01515	0.49230	0.10840
2278	0.09420	0.01510	0.49250	0.10820
2279	0.09410	0.01505	0.49270	0.10790
2280	0.09400	0.01500	0.49290	0.10770
2281	0.09355	0.01495	0.49260	0.10740
2282	0.09310	0.01490	0.49240	0.10710
2283	0.09265	0.01485	0.49210	0.10680
2284	0.09220	0.01480	0.49190	0.10640
2285	0.09175	0.01475	0.49160	0.10610
2286	0.09130	0.01470	0.49100	0.10560
2287	0.09085	0.01465	0.49040	0.10510
2288	0.09040	0.01460	0.48980	0.10460
2289	0.08995	0.01455	0.48920	0.10410
2290	0.08950	0.01450	0.48860	0.10360
2291	0.08905	0.01445	0.48850	0.10290
2292	0.08860	0.01440	0.48840	0.10210
2293	0.08815	0.01435	0.48830	0.10130
2294	0.08770	0.01430	0.48820	0.10050
2295	0.08725	0.01425	0.48820	0.09971
2296	0.08680	0.01420	0.48790	0.09941
2297	0.08635	0.01415	0.48750	0.09910
2298	0.08590	0.01410	0.48720	0.09879
2299	0.08545	0.01405	0.48690	0.09849
2300	0.08500	0.01400	0.48660	0.09818
2301	0.08430	0.01385	0.48630	0.09818
2302	0.08360	0.01370	0.48600	0.09818
2303	0.08290	0.01355	0.48570	0.09817
2304	0.08220	0.01340	0.48530	0.09817
2305	0.08150	0.01325	0.48500	0.09817
2306	0.08080	0.01310	0.48470	0.09817
2307	0.08010	0.01295	0.48440	0.09817
2308	0.07940	0.01280	0.48410	0.09816
2309	0.07870	0.01265	0.48380	0.09816
2310	0.07800	0.01250	0.48350	0.09816
2311	0.07730	0.01235	0.48320	0.09809
2312	0.07660	0.01220	0.48300	0.09802
2313	0.07590	0.01205	0.48280	0.09795
2314	0.07520	0.01190	0.48250	0.09788
2315	0.07450	0.01175	0.48230	0.09781
2316	0.07380	0.01160	0.48230	0.09741
2317	0.07310	0.01145	0.48230	0.09700
2318	0.07240	0.01130	0.48230	0.09660
2319	0.07170	0.01115	0.48230	0.09620
2320	0.07100	0.01100	0.48230	0.09580
2321	0.07105	0.01100	0.48230	0.09537
2322	0.07110	0.01100	0.48230	0.09495
2323	0.07115	0.01100	0.48230	0.09453
2324	0.07120	0.01100	0.48230	0.09411
2325	0.07125	0.01100	0.48230	0.09369
2326	0.07130	0.01100	0.48220	0.09319
2327	0.07135	0.01100	0.48220	0.09269
2328	0.07140	0.01100	0.48220	0.09219
2329	0.07145	0.01100	0.48220	0.09169
2330	0.07150	0.01100	0.48220	0.09118
2331	0.07155	0.01100	0.48170	0.09118
2332	0.07160	0.01100	0.48130	0.09118
2333	0.07165	0.01100	0.48090	0.09118
2334	0.07170	0.01100	0.48050	0.09117
2335	0.07175	0.01100	0.48010	0.09117
2336	0.07180	0.01100	0.47970	0.09078
2337	0.07185	0.01100	0.47930	0.09039
2338	0.07190	0.01100	0.47890	0.09000
2339	0.07195	0.01100	0.47850	0.08961
2340	0.07200	0.01100	0.47810	0.08922
2341	0.07195	0.01100	0.47780	0.08888
2342	0.07190	0.01100	0.47760	0.08853
2343	0.07185	0.01100	0.47730	0.08819
2344	0.07180	0.01100	0.47710	0.08785
2345	0.07175	0.01100	0.47680	0.08750
2346	0.07170	0.01100	0.47690	0.08779
2347	0.07165	0.01100	0.47700	0.08808
2348	0.07160	0.01100	0.47700	0.08837
2349	0.07155	0.01100	0.47710	0.08866
2350	0.07150	0.01100	0.47720	0.08895
2351	0.07145	0.01100	0.47730	0.08865
2352	0.07140	0.01100	0.47730	0.08836
2353	0.07135	0.01100	0.47740	0.08807
2354	0.07130	0.01100	0.47750	0.08777
2355	0.07125	0.01100	0.47750	0.08748
2356	0.07120	0.01100	0.47760	0.08680
2357	0.07115	0.01100	0.47770	0.08613
2358	0.07110	0.01100	0.47780	0.08546
2359	0.07105	0.01100	0.47790	0.08478
2360	0.07100	0.01100	0.47800	0.08411
2361	0.07025	0.01090	0.47780	0.08332
2362	0.06950	0.01080	0.47770	0.08254
2363	0.06875	0.01070	0.47760	0.08176
2364	0.06800	0.01060	0.47740	0.08097
2365	0.06725	0.01050	0.47730	0.08019
2366	0.06650	0.01040	0.47700	0.08011
2367	0.06575	0.01030	0.47670	0.08003
2368	0.06500	0.01020	0.47650	0.07995
2369	0.06425	0.01010	0.47620	0.07987
2370	0.06350	0.01000	0.47590	0.07979
2371	0.06275	0.00990	0.47560	0.07946
2372	0.06200	0.00980	0.47540	0.07914
2373	0.06125	0.00970	0.47510	0.07882
2374	0.06050	0.00960	0.47480	0.07849
2375	0.05975	0.00950	0.47450	0.07817
2376	0.05900	0.00940	0.47470	0.07754
2377	0.05825	0.00930	0.47480	0.07691
2378	0.05750	0.00920	0.47490	0.07628
2379	0.05675	0.00910	0.47500	0.07565
2380	0.05600	0.00900	0.47520	0.07502
2381	0.05685	0.00910	0.47520	0.07496
2382	0.05770	0.00920	0.47530	0.07489
2383	0.05855	0.00930	0.47540	0.07483
2384	0.05940	0.00940	0.47550	0.07476
2385	0.06025	0.00950	0.47550	0.07470
2386	0.06110	0.00960	0.47520	0.07394
2387	0.06195	0.00970	0.47480	0.07318
2388	0.06280	0.00980	0.47440	0.07242
2389	0.06365	0.00990	0.47400	0.07167
2390	0.06450	0.01000	0.47360	0.07091
2391	0.06535	0.01010	0.47360	0.07083
2392	0.06620	0.01020	0.47350	0.07074
2393	0.06705	0.01030	0.47340	0.07066
2394	0.06790	0.01040	0.47340	0.07058
2395	0.06875	0.01050	0.47330	0.07050
2396	0.06960	0.01060	0.47310	0.07015
2397	0.07045	0.01070	0.47290	0.06981
2398	0.07130	0.01080	0.47270	0.06946
2399	0.07215	0.01090	0.47250	0.06912
2400	0.07300	0.01100	0.47230	0.06878
2401	0.07085	0.01070	0.47180	0.06878
2402	0.06870	0.01040	0.47140	0.06877
2403	0.06655	0.01010	0.47090	0.06877
2404	0.06440	0.00980	0.47040	0.06877
2405	0.06225	0.00950	0.46990	0.06877
2406	0.06010	0.00920	0.46950	0.06803
2407	0.05795	0.00890	0.46910	0.06730
2408	0.05580	0.00860	0.46860	0.06657
2409	0.05365	0.00830	0.46820	0.06584
2410	0.05150	0.00800	0.46780	0.06511
2411	0.04935	0.00770	0.46780	0.06445
2412	0.04720	0.00740	0.46780	0.06379
2413	0.04505	0.00710	0.46780	0.06313
2414	0.04290	0.00680	0.46780	0.06247
2415	0.04075	0.00650	0.46780	0.06182
2416	0.03860	0.00620	0.46780	0.06167
2417	0.03645	0.00590	0.46770	0.06153
2418	0.03430	0.00560	0.46770	0.06138
2419	0.03215	0.00530	0.46770	0.06124
2420	0.03000	0.00500	0.46770	0.06110
2421	0.03195	0.00525	0.46750	0.06018
2422	0.03390	0.00550	0.46730	0.05927
2423	0.03585	0.00575	0.46710	0.05835
2424	0.03780	0.00600	0.46680	0.05743
2425	0.03975	0.00625	0.46660	0.05652
2426	0.04170	0.00650	0.46620	0.05619
2427	0.04365	0.00675	0.46580	0.05585
2428	0.04560	0.00700	0.46530	0.05552
2429	0.04755	0.00725	0.46490	0.05519
2430	0.04950	0.00750	0.46450	0.05485
2431	0.05145	0.00775	0.46400	0.05485
2432	0.05340	0.00800	0.46360	0.05485
2433	0.05535	0.00825	0.46320	0.05485
2434	0.05730	0.00850	0.46270	0.05484
2435	0.05925	0.00875	0.46230	0.05484
2436	0.06120	0.00900	0.46200	0.05455
2437	0.06315	0.00925	0.46160	0.05425
2438	0.06510	0.00950	0.46130	0.05396
2439	0.06705	0.00975	0.46090	0.05366
2440	0.06900	0.01000	0.46060	0.05337
2441	0.06755	0.00980	0.46020	0.05337
2442	0.06610	0.00960	0.45990	0.05337
2443	0.06465	0.00940	0.45950	0.05336
2444	0.06320	0.00920	0.45920	0.05336
2445	0.06175	0.00900	0.45880	0.05336
2446	0.06030	0.00880	0.45850	0.05316
2447	0.05885	0.00860	0.45810	0.05297
2448	0.05740	0.00840	0.45780	0.05278
2449	0.05595	0.00820	0.45740	0.05258
2450	0.05450	0.00800	0.45710	0.05239
2451	0.05305	0.00780	0.45670	0.05192
2452	0.05160	0.00760	0.45640	0.05145
2453	0.05015	0.00740	0.45610	0.05099
2454	0.04870	0.00720	0.45570	0.05052
2455	0.04725	0.00700	0.45540	0.05005
2456	0.04580	0.00680	0.45510	0.04963
2457	0.04435	0.00660	0.45480	0.04921
2458	0.04290	0.00640	0.45450	0.04878
2459	0.04145	0.00620	0.45410	0.04836
2460	0.04000	0.00600	0.45380	0.04793
2461	0.03960	0.00595	0.45350	0.04777
2462	0.03920	0.00590	0.45320	0.04761
2463	0.03880	0.00585	0.45290	0.04744
2464	0.03840	0.00580	0.45260	0.04728
2465	0.03800	0.00575	0.45230	0.04711
2466	0.03760	0.00570	0.45220	0.04727
2467	0.03720	0.00565	0.45210	0.04743
2468	0.03680	0.00560	0.45210	0.04759
2469	0.03640	0.00555	0.45200	0.04774
2470	0.03600	0.00550	0.45190	0.04790
2471	0.03560	0.00545	0.45180	0.04796
2472	0.03520	0.00540	0.45180	0.04801
2473	0.03480	0.00535	0.45170	0.04807
2474	0.03440	0.00530	0.45160	0.04813
2475	0.03400	0.00525	0.45160	0.04818
2476	0.03360	0.00520	0.45130	0.04833
2477	0.03320	0.00515	0.45100	0.04847
2478	0.03280	0.00510	0.45070	0.04861
2479	0.03240	0.00505	0.45050	0.04876
2480	0.03200	0.00500	0.45020	0.04890
2481	0.03110	0.00485	0.44990	0.04904
2482	0.03020	0.00470	0.44970	0.04919
2483	0.02930	0.00455	0.44940	0.04933
2484	0.02840	0.00440	0.44910	0.04947
2485	0.02750	0.00425	0.44880	0.04962
2486	0.02660	0.00410	0.44870	0.04961
2487	0.02570	0.00395	0.44860	0.04961
2488	0.02480	0.00380	0.44850	0.04961
2489	0.02390	0.00365	0.44830	0.04961
2490	0.02300	0.00350	0.44820	0.04960
2491	0.02210	0.00335	0.44820	0.04960
2492	0.02120	0.00320	0.44820	0.04960
2493	0.02030	0.00305	0.44820	0.04960
2494	0.01940	0.00290	0.44820	0.04959
2495	0.01850	0.00275	0.44820	0.04959
2496	0.01760	0.00260	0.44780	0.04944
2497	0.01670	0.00245	0.44750	0.04930
2498	0.01580	0.00230	0.44710	0.04915
2499	0.01490	0.00215	0.44670	0.04900
2500	0.01400	0.00200	0.44640	0.04885
